baseMVA = 10;

bus = [
    [ 1, 3,   0,    0, 0, 0, 1, 1, 0, 12.66, 1,   1,   1],
    [ 2, 1,   0,    0, 0, 0, 1, 1, 0, 12.66, 1, 1.1, 0.9],
    [ 3, 1,   2,  1.6, 0, 0, 1, 1, 0, 12.66, 1, 1.1, 0.9],
    [ 4, 1,   3,  0.4, 0, 0, 1, 1, 0, 12.66, 1, 1.1, 0.9],
    [ 5, 1,   2, -0.4, 0, 0, 1, 1, 0, 12.66, 1, 1.1, 0.9],
    [ 6, 1, 1.5,  1.2, 0, 0, 1, 1, 0, 12.66, 1, 1.1, 0.9],
    [ 7, 1,   4,  2.7, 0, 0, 1, 1, 0, 12.66, 1, 1.1, 0.9],
    [ 8, 1,   5,  1.8, 0, 0, 1, 1, 0, 12.66, 1, 1.1, 0.9],
    [ 9, 1,   1,  0.9, 0, 0, 1, 1, 0, 12.66, 1, 1.1, 0.9],
    [10, 1, 0.6, -0.5, 0, 0, 1, 1, 0, 12.66, 1, 1.1, 0.9],
    [11, 1, 4.5, -1.7, 0, 0, 1, 1, 0, 12.66, 1, 1.1, 0.9],
    [12, 1,   1,  0.9, 0, 0, 1, 1, 0, 12.66, 1, 1.1, 0.9],
    [13, 1,   1, -1.1, 0, 0, 1, 1, 0, 12.66, 1, 1.1, 0.9],
    [14, 1,   1,  0.9, 0, 0, 1, 1, 0, 12.66, 1, 1.1, 0.9],
    [15, 1, 2.1, -0.8, 0, 0, 1, 1, 0, 12.66, 1, 1.1, 0.9]
];

gen = [
    [1, 0, 0, 10, -10, 1, 100, 1, 10, 0, 0, 0, 0, 0, 0, 0, 0, 0, 0, 0, 0]
];

branch = [
    [ 1,  2,         0, 6.2393e-10, 0, 0, 0, 0, 0, 0, 1, -360, 360],
    [ 2,  3, 0.0074996,   0.010002, 0, 0, 0, 0, 0, 0, 1, -360, 360],
    [ 3,  4, 0.0079987,      0.011, 0, 0, 0, 0, 0, 0, 1, -360, 360],
    [ 3,  5,  0.008997,      0.018, 0, 0, 0, 0, 0, 0, 1, -360, 360],
    [ 5,  6, 0.0039994,  0.0039994, 0, 0, 0, 0, 0, 0, 1, -360, 360],
    [ 2,  7,     0.011,      0.011, 0, 0, 0, 0, 0, 0, 1, -360, 360],
    [ 7,  8, 0.0079987,      0.011, 0, 0, 0, 0, 0, 0, 1, -360, 360],
    [ 7,  9,     0.011,      0.011, 0, 0, 0, 0, 0, 0, 1, -360, 360],
    [ 8, 10,     0.011,      0.011, 0, 0, 0, 0, 0, 0, 1, -360, 360],
    [ 8, 11, 0.0079987,      0.011, 0, 0, 0, 0, 0, 0, 1, -360, 360],
    [ 2, 12,     0.011,      0.011, 0, 0, 0, 0, 0, 0, 1, -360, 360],
    [12, 13,  0.008997,   0.011998, 0, 0, 0, 0, 0, 0, 1, -360, 360],
    [12, 14, 0.0079987,      0.011, 0, 0, 0, 0, 0, 0, 1, -360, 360],
    [14, 15, 0.0039994,  0.0039994, 0, 0, 0, 0, 0, 0, 1, -360, 360]
];

gencost = [
    [2, 0, 0, 3, 0, 20, 0]
];

