baseMVA = 1;

bus = [
[1,3,0,0,0,0,1,1,0,11,1,1,1],
[2,1,0.03528,0.035993,0,0,1,1,0,11,1,1,1],
[3,1,0.014,0.014283,0,0,1,1,0,11,1,1,1],
[4,1,0.03528,0.035993,0,0,1,1,0,11,1,1,1],
[5,1,0.014,0.014283,0,0,1,1,0,11,1,1,1],
[6,1,0.03528,0.035993,0,0,1,1,0,11,1,1,1],
[7,1,0.03528,0.035993,0,0,1,1,0,11,1,1,1],
[8,1,0.03528,0.035993,0,0,1,1,0,11,1,1,1],
[9,1,0.014,0.014283,0,0,1,1,0,11,1,1,1],
[10,1,0.014,0.014283,0,0,1,1,0,11,1,1,1],
[11,1,0.056,0.057131,0,0,1,1,0,11,1,1,1],
[12,1,0.03528,0.035993,0,0,1,1,0,11,1,1,1],
[13,1,0.03528,0.035993,0,0,1,1,0,11,1,1,1],
[14,1,0.014,0.014283,0,0,1,1,0,11,1,1,1],
[15,1,0.03528,0.035993,0,0,1,1,0,11,1,1,1],
[16,1,0.03528,0.035993,0,0,1,1,0,11,1,1,1],
[17,1,0.00896,0.009141,0,0,1,1,0,11,1,1,1],
[18,1,0.00896,0.009141,0,0,1,1,0,11,1,1,1],
[19,1,0.03528,0.035993,0,0,1,1,0,11,1,1,1],
[20,1,0.03528,0.035993,0,0,1,1,0,11,1,1,1],
[21,1,0.014,0.014283,0,0,1,1,0,11,1,1,1],
[22,1,0.03528,0.035993,0,0,1,1,0,11,1,1,1],
[23,1,0.00896,0.009141,0,0,1,1,0,11,1,1,1],
[24,1,0.056,0.057131,0,0,1,1,0,11,1,1,1],
[25,1,0.00896,0.009141,0,0,1,1,0,11,1,1,1],
[26,1,0.03528,0.035993,0,0,1,1,0,11,1,1,1],
[27,1,0.03528,0.035993,0,0,1,1,0,11,1,1,1],
[28,1,0.03528,0.035993,0,0,1,1,0,11,1,1,1]
];

gen = [
[1,0,0,10,-10,1,100,1,10,0,0,0,0,0,0,0,0,0,0,0,0]
];

branch = [
[1,2,0.0098926,0.0067769,0,0,0,0,0,0,1,-360,360],
[2,3,0.014843,0.010174,0,0,0,0,0,0,1,-360,360],
[3,4,0.010793,0.0073967,0,0,0,0,0,0,1,-360,360],
[4,5,0.015298,0.010479,0,0,0,0,0,0,1,-360,360],
[5,6,0.012595,0.0086281,0,0,0,0,0,0,1,-360,360],
[6,7,0.015744,0.010785,0,0,0,0,0,0,1,-360,360],
[7,8,0.0098926,0.0067769,0,0,0,0,0,0,1,-360,360],
[8,9,0.0053967,0.0036942,0,0,0,0,0,0,1,-360,360],
[9,10,0.0094463,0.0064711,0,0,0,0,0,0,1,-360,360],
[4,11,0.023331,0.009686,0,0,0,0,0,0,1,-360,360],
[11,12,0.0097851,0.0040579,0,0,0,0,0,0,1,-360,360],
[12,13,0.008281,0.003438,0,0,0,0,0,0,1,-360,360],
[13,14,0.0037603,0.001562,0,0,0,0,0,0,1,-360,360],
[14,15,0.0045124,0.001876,0,0,0,0,0,0,1,-360,360],
[5,16,0.021074,0.0087438,0,0,0,0,0,0,1,-360,360],
[6,17,0.011289,0.004686,0,0,0,0,0,0,1,-360,360],
[17,18,0.0067686,0.0028099,0,0,0,0,0,0,1,-360,360],
[18,19,0.012793,0.0053058,0,0,0,0,0,0,1,-360,360],
[19,20,0.011289,0.004686,0,0,0,0,0,0,1,-360,360],
[20,21,0.029355,0.012182,0,0,0,0,0,0,1,-360,360],
[7,22,0.012793,0.0053058,0,0,0,0,0,0,1,-360,360],
[22,23,0.0090248,0.0037438,0,0,0,0,0,0,1,-360,360],
[23,24,0.0075207,0.003124,0,0,0,0,0,0,1,-360,360],
[24,25,0.0037603,0.001562,0,0,0,0,0,0,1,-360,360],
[25,26,0.0030083,0.0012479,0,0,0,0,0,0,1,-360,360],
[8,27,0.0045124,0.0018678,0,0,0,0,0,0,1,-360,360],
[27,28,0.0022562,0.00093388,0,0,0,0,0,0,1,-360,360]
];

gencost = [
[2,0,0,3,0,20,0]
];

