baseMVA = 1;

bus = [
    [ 1, 3,      0,      0, 0, 0, 1, 1, 0, 11, 1,   1,   1],
    [ 2, 1, 0.1425,   0.23, 0, 0, 1, 1, 0, 11, 1, 1.1, 0.9],
    [ 3, 1,      0,      0, 0, 0, 1, 1, 0, 11, 1, 1.1, 0.9],
    [ 4, 1, 0.1425,   0.23, 0, 0, 1, 1, 0, 11, 1, 1.1, 0.9],
    [ 5, 1, 0.1425,   0.23, 0, 0, 1, 1, 0, 11, 1, 1.1, 0.9],
    [ 6, 1,      0,      0, 0, 0, 1, 1, 0, 11, 1, 1.1, 0.9],
    [ 7, 1,      0,      0, 0, 0, 1, 1, 0, 11, 1, 1.1, 0.9],
    [ 8, 1, 0.1425,   0.23, 0, 0, 1, 1, 0, 11, 1, 1.1, 0.9],
    [ 9, 1, 0.1425,   0.23, 0, 0, 1, 1, 0, 11, 1, 1.1, 0.9],
    [10, 1,      0,      0, 0, 0, 1, 1, 0, 11, 1, 1.1, 0.9],
    [11, 1, 0.1425,   0.23, 0, 0, 1, 1, 0, 11, 1, 1.1, 0.9],
    [12, 1,  0.084,  0.137, 0, 0, 1, 1, 0, 11, 1, 1.1, 0.9],
    [13, 1,  0.045,  0.072, 0, 0, 1, 1, 0, 11, 1, 1.1, 0.9],
    [14, 1,  0.045,  0.072, 0, 0, 1, 1, 0, 11, 1, 1.1, 0.9],
    [15, 1,  0.045,  0.072, 0, 0, 1, 1, 0, 11, 1, 1.1, 0.9],
    [16, 1, 0.0075, 0.0135, 0, 0, 1, 1, 0, 11, 1, 1.1, 0.9],
    [17, 1, 0.1425,   0.23, 0, 0, 1, 1, 0, 11, 1, 1.1, 0.9],
    [18, 1, 0.1425,   0.23, 0, 0, 1, 1, 0, 11, 1, 1.1, 0.9],
    [19, 1, 0.1425,   0.23, 0, 0, 1, 1, 0, 11, 1, 1.1, 0.9],
    [20, 1, 0.1425,   0.23, 0, 0, 1, 1, 0, 11, 1, 1.1, 0.9],
    [21, 1, 0.1425,   0.23, 0, 0, 1, 1, 0, 11, 1, 1.1, 0.9],
    [22, 1, 0.1425,   0.23, 0, 0, 1, 1, 0, 11, 1, 1.1, 0.9],
    [23, 1, 0.1425,   0.23, 0, 0, 1, 1, 0, 11, 1, 1.1, 0.9],
    [24, 1, 0.1425,   0.23, 0, 0, 1, 1, 0, 11, 1, 1.1, 0.9],
    [25, 1, 0.1425,   0.23, 0, 0, 1, 1, 0, 11, 1, 1.1, 0.9],
    [26, 1, 0.1425,   0.23, 0, 0, 1, 1, 0, 11, 1, 1.1, 0.9],
    [27, 1,  0.085,  0.137, 0, 0, 1, 1, 0, 11, 1, 1.1, 0.9],
    [28, 1,  0.048,  0.075, 0, 0, 1, 1, 0, 11, 1, 1.1, 0.9],
    [29, 1,  0.048,  0.075, 0, 0, 1, 1, 0, 11, 1, 1.1, 0.9],
    [30, 1,  0.048,  0.075, 0, 0, 1, 1, 0, 11, 1, 1.1, 0.9],
    [31, 1, 0.0345,  0.057, 0, 0, 1, 1, 0, 11, 1, 1.1, 0.9],
    [32, 1, 0.0345,  0.057, 0, 0, 1, 1, 0, 11, 1, 1.1, 0.9],
    [33, 1, 0.0345,  0.057, 0, 0, 1, 1, 0, 11, 1, 1.1, 0.9],
    [34, 1, 0.0345,  0.057, 0, 0, 1, 1, 0, 11, 1, 1.1, 0.9]
];

gen = [
    [1, 0, 0, 10, -10, 1, 100, 1, 10, 0, 0, 0, 0, 0, 0, 0, 0, 0, 0, 0, 0]
];

branch = [
    [ 1,  2, 0.00096694, 0.00039669, 0, 0, 0, 0, 0, 0, 1, -360, 360],
    [ 2,  3, 0.00088636, 0.00036364, 0, 0, 0, 0, 0, 0, 1, -360, 360],
    [ 3,  4,  0.0013591, 0.00037727, 0, 0, 0, 0, 0, 0, 1, -360, 360],
    [ 4,  5,  0.0012355, 0.00034298, 0, 0, 0, 0, 0, 0, 1, -360, 360],
    [ 5,  6,  0.0012355, 0.00034298, 0, 0, 0, 0, 0, 0, 1, -360, 360],
    [ 6,  7,  0.0025983, 0.00044628, 0, 0, 0, 0, 0, 0, 1, -360, 360],
    [ 7,  8,  0.0017322, 0.00029752, 0, 0, 0, 0, 0, 0, 1, -360, 360],
    [ 8,  9,  0.0025983, 0.00044628, 0, 0, 0, 0, 0, 0, 1, -360, 360],
    [ 9, 10,  0.0017322, 0.00029752, 0, 0, 0, 0, 0, 0, 1, -360, 360],
    [10, 11,  0.0010826, 0.00018595, 0, 0, 0, 0, 0, 0, 1, -360, 360],
    [11, 12, 0.00086612, 0.00014876, 0, 0, 0, 0, 0, 0, 1, -360, 360],
    [ 3, 13,  0.0012992, 0.00022314, 0, 0, 0, 0, 0, 0, 1, -360, 360],
    [13, 14,  0.0017322, 0.00029752, 0, 0, 0, 0, 0, 0, 1, -360, 360],
    [14, 15, 0.00086612, 0.00014876, 0, 0, 0, 0, 0, 0, 1, -360, 360],
    [15, 16, 0.00043306,  7.438e-05, 0, 0, 0, 0, 0, 0, 1, -360, 360],
    [ 6, 17,  0.0014826, 0.00041157, 0, 0, 0, 0, 0, 0, 1, -360, 360],
    [17, 18,  0.0013591, 0.00037727, 0, 0, 0, 0, 0, 0, 1, -360, 360],
    [18, 19,  0.0017182, 0.00039091, 0, 0, 0, 0, 0, 0, 1, -360, 360],
    [19, 20,   0.001562, 0.00035537, 0, 0, 0, 0, 0, 0, 1, -360, 360],
    [20, 21,   0.001562, 0.00035537, 0, 0, 0, 0, 0, 0, 1, -360, 360],
    [21, 22,  0.0021653,  0.0003719, 0, 0, 0, 0, 0, 0, 1, -360, 360],
    [22, 23,  0.0021653,  0.0003719, 0, 0, 0, 0, 0, 0, 1, -360, 360],
    [23, 24,  0.0025983, 0.00044628, 0, 0, 0, 0, 0, 0, 1, -360, 360],
    [24, 25,  0.0017322, 0.00029752, 0, 0, 0, 0, 0, 0, 1, -360, 360],
    [25, 26,  0.0010826, 0.00018595, 0, 0, 0, 0, 0, 0, 1, -360, 360],
    [26, 27, 0.00086612, 0.00014876, 0, 0, 0, 0, 0, 0, 1, -360, 360],
    [ 7, 28,  0.0012992, 0.00022314, 0, 0, 0, 0, 0, 0, 1, -360, 360],
    [28, 29,  0.0012992, 0.00022314, 0, 0, 0, 0, 0, 0, 1, -360, 360],
    [29, 30,  0.0012992, 0.00022314, 0, 0, 0, 0, 0, 0, 1, -360, 360],
    [10, 31,  0.0012992, 0.00022314, 0, 0, 0, 0, 0, 0, 1, -360, 360],
    [31, 32,  0.0017322, 0.00029752, 0, 0, 0, 0, 0, 0, 1, -360, 360],
    [32, 33,  0.0012992, 0.00022314, 0, 0, 0, 0, 0, 0, 1, -360, 360],
    [33, 34, 0.00086612, 0.00014876, 0, 0, 0, 0, 0, 0, 1, -360, 360]
];

gencost = [
    [2, 0, 0, 3, 0, 20, 0]
];

