baseMVA = 1;

bus = [
    [ 1, 3,     0,     0, 0, 0, 1, 1, 0, 12.66, 1,   1,   1],
    [ 2, 1,   0.1,  0.06, 0, 0, 1, 1, 0, 12.66, 1, 1.1, 0.9],
    [ 3, 1,  0.09,  0.04, 0, 0, 1, 1, 0, 12.66, 1, 1.1, 0.9],
    [ 4, 1,  0.12,  0.08, 0, 0, 1, 1, 0, 12.66, 1, 1.1, 0.9],
    [ 5, 1,  0.06,  0.03, 0, 0, 1, 1, 0, 12.66, 1, 1.1, 0.9],
    [ 6, 1,  0.06,  0.02, 0, 0, 1, 1, 0, 12.66, 1, 1.1, 0.9],
    [ 7, 1,   0.2,   0.1, 0, 0, 1, 1, 0, 12.66, 1, 1.1, 0.9],
    [ 8, 1,   0.2,   0.1, 0, 0, 1, 1, 0, 12.66, 1, 1.1, 0.9],
    [ 9, 1,  0.06,  0.02, 0, 0, 1, 1, 0, 12.66, 1, 1.1, 0.9],
    [10, 1,  0.06,  0.02, 0, 0, 1, 1, 0, 12.66, 1, 1.1, 0.9],
    [11, 1, 0.045,  0.03, 0, 0, 1, 1, 0, 12.66, 1, 1.1, 0.9],
    [12, 1,  0.06, 0.035, 0, 0, 1, 1, 0, 12.66, 1, 1.1, 0.9],
    [13, 1,  0.06, 0.035, 0, 0, 1, 1, 0, 12.66, 1, 1.1, 0.9],
    [14, 1,  0.12,  0.08, 0, 0, 1, 1, 0, 12.66, 1, 1.1, 0.9],
    [15, 1,  0.06,  0.01, 0, 0, 1, 1, 0, 12.66, 1, 1.1, 0.9],
    [16, 1,  0.06,  0.02, 0, 0, 1, 1, 0, 12.66, 1, 1.1, 0.9],
    [17, 1,  0.06,  0.02, 0, 0, 1, 1, 0, 12.66, 1, 1.1, 0.9],
    [18, 1,  0.09,  0.04, 0, 0, 1, 1, 0, 12.66, 1, 1.1, 0.9],
    [19, 1,  0.09,  0.04, 0, 0, 1, 1, 0, 12.66, 1, 1.1, 0.9],
    [20, 1,  0.09,  0.04, 0, 0, 1, 1, 0, 12.66, 1, 1.1, 0.9],
    [21, 1,  0.09,  0.04, 0, 0, 1, 1, 0, 12.66, 1, 1.1, 0.9],
    [22, 1,  0.09,  0.04, 0, 0, 1, 1, 0, 12.66, 1, 1.1, 0.9],
    [23, 1,  0.09,  0.05, 0, 0, 1, 1, 0, 12.66, 1, 1.1, 0.9],
    [24, 1,  0.42,   0.2, 0, 0, 1, 1, 0, 12.66, 1, 1.1, 0.9],
    [25, 1,  0.42,   0.2, 0, 0, 1, 1, 0, 12.66, 1, 1.1, 0.9],
    [26, 1,  0.06, 0.025, 0, 0, 1, 1, 0, 12.66, 1, 1.1, 0.9],
    [27, 1,  0.06, 0.025, 0, 0, 1, 1, 0, 12.66, 1, 1.1, 0.9],
    [28, 1,  0.06,  0.02, 0, 0, 1, 1, 0, 12.66, 1, 1.1, 0.9],
    [29, 1,  0.12,  0.07, 0, 0, 1, 1, 0, 12.66, 1, 1.1, 0.9],
    [30, 1,   0.2,   0.6, 0, 0, 1, 1, 0, 12.66, 1, 1.1, 0.9],
    [31, 1,  0.15,  0.07, 0, 0, 1, 1, 0, 12.66, 1, 1.1, 0.9],
    [32, 1,  0.21,   0.1, 0, 0, 1, 1, 0, 12.66, 1, 1.1, 0.9],
    [33, 1,  0.06,  0.04, 0, 0, 1, 1, 0, 12.66, 1, 1.1, 0.9],
    [34, 1,     0,     0, 0, 0, 1, 1, 0, 12.66, 1, 1.1, 0.9],
    [35, 1,     0,     0, 0, 0, 1, 1, 0, 12.66, 1, 1.1, 0.9],
    [36, 1,     0,     0, 0, 0, 1, 1, 0, 12.66, 1, 1.1, 0.9],
    [37, 1,     0,     0, 0, 0, 1, 1, 0, 12.66, 1, 1.1, 0.9],
    [38, 1,     0,     0, 0, 0, 1, 1, 0, 12.66, 1, 1.1, 0.9]
];

gen = [
    [1, 0, 0, 10, -10, 1, 100, 1, 10, 0, 0, 0, 0, 0, 0, 0, 0, 0, 0, 0, 0]
];

branch = [
    [ 1,  2, 0.00057526, 0.00029324, 0, 0, 0, 0, 0, 0, 1, -360, 360],
    [ 2,  3,   0.003076,  0.0015667, 0, 0, 0, 0, 0, 0, 1, -360, 360],
    [ 3,  4,  0.0022836,   0.001163, 0, 0, 0, 0, 0, 0, 1, -360, 360],
    [ 4,  5,  0.0023778,   0.001211, 0, 0, 0, 0, 0, 0, 1, -360, 360],
    [ 5,  6,  0.0051099,  0.0044112, 0, 0, 0, 0, 0, 0, 1, -360, 360],
    [ 6,  7,   0.001168,  0.0038608, 0, 0, 0, 0, 0, 0, 1, -360, 360],
    [ 7,  8,  0.0044386,  0.0014668, 0, 0, 0, 0, 0, 0, 1, -360, 360],
    [ 8,  9,  0.0064264,   0.004617, 0, 0, 0, 0, 0, 0, 1, -360, 360],
    [ 9, 10,  0.0065138,   0.004617, 0, 0, 0, 0, 0, 0, 1, -360, 360],
    [10, 11,  0.0012266, 0.00040555, 0, 0, 0, 0, 0, 0, 1, -360, 360],
    [11, 12,   0.002336, 0.00077242, 0, 0, 0, 0, 0, 0, 1, -360, 360],
    [12, 13,  0.0091592,  0.0072063, 0, 0, 0, 0, 0, 0, 1, -360, 360],
    [13, 14,  0.0033792,   0.004448, 0, 0, 0, 0, 0, 0, 1, -360, 360],
    [14, 15,  0.0036874,  0.0032818, 0, 0, 0, 0, 0, 0, 1, -360, 360],
    [15, 16,  0.0046564,  0.0034004, 0, 0, 0, 0, 0, 0, 1, -360, 360],
    [16, 17,  0.0080424,   0.010738, 0, 0, 0, 0, 0, 0, 1, -360, 360],
    [17, 18,  0.0045671,  0.0035813, 0, 0, 0, 0, 0, 0, 1, -360, 360],
    [ 2, 19,  0.0010232, 0.00097644, 0, 0, 0, 0, 0, 0, 1, -360, 360],
    [19, 20,  0.0093851,  0.0084567, 0, 0, 0, 0, 0, 0, 1, -360, 360],
    [20, 21,   0.002555,  0.0029849, 0, 0, 0, 0, 0, 0, 1, -360, 360],
    [21, 22,   0.004423,  0.0058481, 0, 0, 0, 0, 0, 0, 1, -360, 360],
    [ 3, 23,  0.0028152,  0.0019236, 0, 0, 0, 0, 0, 0, 1, -360, 360],
    [23, 24,  0.0056028,  0.0044243, 0, 0, 0, 0, 0, 0, 1, -360, 360],
    [24, 25,  0.0055904,  0.0043743, 0, 0, 0, 0, 0, 0, 1, -360, 360],
    [ 6, 26,  0.0012666, 0.00064514, 0, 0, 0, 0, 0, 0, 1, -360, 360],
    [26, 27,  0.0017732, 0.00090282, 0, 0, 0, 0, 0, 0, 1, -360, 360],
    [27, 28,  0.0066074,  0.0058256, 0, 0, 0, 0, 0, 0, 1, -360, 360],
    [28, 29,  0.0050176,  0.0043712, 0, 0, 0, 0, 0, 0, 1, -360, 360],
    [29, 30,  0.0031664,  0.0016128, 0, 0, 0, 0, 0, 0, 1, -360, 360],
    [30, 31,  0.0060795,  0.0060084, 0, 0, 0, 0, 0, 0, 1, -360, 360],
    [31, 32,  0.0019373,   0.002258, 0, 0, 0, 0, 0, 0, 1, -360, 360],
    [32, 33,  0.0021276,  0.0033081, 0, 0, 0, 0, 0, 0, 1, -360, 360],
    [ 8, 34,   0.012479,   0.012479, 0, 0, 0, 0, 0, 0, 1, -360, 360],
    [ 9, 35,   0.012479,   0.012479, 0, 0, 0, 0, 0, 0, 1, -360, 360],
    [12, 36,   0.012479,   0.012479, 0, 0, 0, 0, 0, 0, 1, -360, 360],
    [18, 37,  0.0031196,  0.0031196, 0, 0, 0, 0, 0, 0, 1, -360, 360],
    [25, 38,  0.0031196,  0.0031196, 0, 0, 0, 0, 0, 0, 1, -360, 360]
];

gencost = [
    [2, 0, 0, 3, 0, 20, 0]
];

