baseMVA = 10;

bus = [
    [ 1, 3,     0,     0, 0, 0, 1, 1, 0, 12.66, 1,   1,   1],
    [ 2, 1,   0.1,  0.06, 0, 0, 1, 1, 0, 12.66, 1, 1.1, 0.9],
    [ 3, 1,  0.09,  0.04, 0, 0, 1, 1, 0, 12.66, 1, 1.1, 0.9],
    [ 4, 1,  0.12,  0.08, 0, 0, 1, 1, 0, 12.66, 1, 1.1, 0.9],
    [ 5, 1,  0.06,  0.03, 0, 0, 1, 1, 0, 12.66, 1, 1.1, 0.9],
    [ 6, 1,  0.06,  0.02, 0, 0, 1, 1, 0, 12.66, 1, 1.1, 0.9],
    [ 7, 1,   0.2,   0.1, 0, 0, 1, 1, 0, 12.66, 1, 1.1, 0.9],
    [ 8, 1,   0.2,   0.1, 0, 0, 1, 1, 0, 12.66, 1, 1.1, 0.9],
    [ 9, 1,  0.06,  0.02, 0, 0, 1, 1, 0, 12.66, 1, 1.1, 0.9],
    [10, 1,  0.06,  0.02, 0, 0, 1, 1, 0, 12.66, 1, 1.1, 0.9],
    [11, 1, 0.045,  0.03, 0, 0, 1, 1, 0, 12.66, 1, 1.1, 0.9],
    [12, 1,  0.06, 0.035, 0, 0, 1, 1, 0, 12.66, 1, 1.1, 0.9],
    [13, 1,  0.06, 0.035, 0, 0, 1, 1, 0, 12.66, 1, 1.1, 0.9],
    [14, 1,  0.12,  0.08, 0, 0, 1, 1, 0, 12.66, 1, 1.1, 0.9],
    [15, 1,  0.06,  0.01, 0, 0, 1, 1, 0, 12.66, 1, 1.1, 0.9],
    [16, 1,  0.06,  0.02, 0, 0, 1, 1, 0, 12.66, 1, 1.1, 0.9],
    [17, 1,  0.06,  0.02, 0, 0, 1, 1, 0, 12.66, 1, 1.1, 0.9],
    [18, 1,  0.09,  0.04, 0, 0, 1, 1, 0, 12.66, 1, 1.1, 0.9],
    [19, 1,  0.09,  0.04, 0, 0, 1, 1, 0, 12.66, 1, 1.1, 0.9],
    [20, 1,  0.09,  0.04, 0, 0, 1, 1, 0, 12.66, 1, 1.1, 0.9],
    [21, 1,  0.09,  0.04, 0, 0, 1, 1, 0, 12.66, 1, 1.1, 0.9],
    [22, 1,  0.09,  0.04, 0, 0, 1, 1, 0, 12.66, 1, 1.1, 0.9],
    [23, 1,  0.09,  0.05, 0, 0, 1, 1, 0, 12.66, 1, 1.1, 0.9],
    [24, 1,  0.42,   0.2, 0, 0, 1, 1, 0, 12.66, 1, 1.1, 0.9],
    [25, 1,  0.42,   0.2, 0, 0, 1, 1, 0, 12.66, 1, 1.1, 0.9],
    [26, 1,  0.06, 0.025, 0, 0, 1, 1, 0, 12.66, 1, 1.1, 0.9],
    [27, 1,  0.06, 0.025, 0, 0, 1, 1, 0, 12.66, 1, 1.1, 0.9],
    [28, 1,  0.06,  0.02, 0, 0, 1, 1, 0, 12.66, 1, 1.1, 0.9],
    [29, 1,  0.12,  0.07, 0, 0, 1, 1, 0, 12.66, 1, 1.1, 0.9],
    [30, 1,   0.2,   0.6, 0, 0, 1, 1, 0, 12.66, 1, 1.1, 0.9],
    [31, 1,  0.15,  0.07, 0, 0, 1, 1, 0, 12.66, 1, 1.1, 0.9],
    [32, 1,  0.21,   0.1, 0, 0, 1, 1, 0, 12.66, 1, 1.1, 0.9],
    [33, 1,  0.06,  0.04, 0, 0, 1, 1, 0, 12.66, 1, 1.1, 0.9]
];

gen = [
    [1, 0, 0, 10, -10, 1, 100, 1, 10, 0, 0, 0, 0, 0, 0, 0, 0, 0, 0, 0, 0]
];

branch = [
    [ 1,  2, 0.0057526, 0.0029324, 0, 0, 0, 0, 0, 0, 1, -360, 360],
    [ 2,  3,   0.03076,  0.015667, 0, 0, 0, 0, 0, 0, 1, -360, 360],
    [ 3,  4,  0.022836,   0.01163, 0, 0, 0, 0, 0, 0, 1, -360, 360],
    [ 4,  5,  0.023778,   0.01211, 0, 0, 0, 0, 0, 0, 1, -360, 360],
    [ 5,  6,  0.051099,  0.044112, 0, 0, 0, 0, 0, 0, 1, -360, 360],
    [ 6,  7,   0.01168,  0.038608, 0, 0, 0, 0, 0, 0, 1, -360, 360],
    [ 7,  8,  0.044386,  0.014668, 0, 0, 0, 0, 0, 0, 1, -360, 360],
    [ 8,  9,  0.064264,   0.04617, 0, 0, 0, 0, 0, 0, 1, -360, 360],
    [ 9, 10,  0.065138,   0.04617, 0, 0, 0, 0, 0, 0, 1, -360, 360],
    [10, 11,  0.012266, 0.0040555, 0, 0, 0, 0, 0, 0, 1, -360, 360],
    [11, 12,   0.02336, 0.0077242, 0, 0, 0, 0, 0, 0, 1, -360, 360],
    [12, 13,  0.091592,  0.072063, 0, 0, 0, 0, 0, 0, 1, -360, 360],
    [13, 14,  0.033792,   0.04448, 0, 0, 0, 0, 0, 0, 1, -360, 360],
    [14, 15,  0.036874,  0.032818, 0, 0, 0, 0, 0, 0, 1, -360, 360],
    [15, 16,  0.046564,  0.034004, 0, 0, 0, 0, 0, 0, 1, -360, 360],
    [16, 17,  0.080424,   0.10738, 0, 0, 0, 0, 0, 0, 1, -360, 360],
    [17, 18,  0.045671,  0.035813, 0, 0, 0, 0, 0, 0, 1, -360, 360],
    [ 2, 19,  0.010232, 0.0097644, 0, 0, 0, 0, 0, 0, 1, -360, 360],
    [19, 20,  0.093851,  0.084567, 0, 0, 0, 0, 0, 0, 1, -360, 360],
    [20, 21,   0.02555,  0.029849, 0, 0, 0, 0, 0, 0, 1, -360, 360],
    [21, 22,   0.04423,  0.058481, 0, 0, 0, 0, 0, 0, 1, -360, 360],
    [ 3, 23,  0.028152,  0.019236, 0, 0, 0, 0, 0, 0, 1, -360, 360],
    [23, 24,  0.056028,  0.044243, 0, 0, 0, 0, 0, 0, 1, -360, 360],
    [24, 25,  0.055904,  0.043743, 0, 0, 0, 0, 0, 0, 1, -360, 360],
    [ 6, 26,  0.012666, 0.0064514, 0, 0, 0, 0, 0, 0, 1, -360, 360],
    [26, 27,  0.017732, 0.0090282, 0, 0, 0, 0, 0, 0, 1, -360, 360],
    [27, 28,  0.066074,  0.058256, 0, 0, 0, 0, 0, 0, 1, -360, 360],
    [28, 29,  0.050176,  0.043712, 0, 0, 0, 0, 0, 0, 1, -360, 360],
    [29, 30,  0.031664,  0.016128, 0, 0, 0, 0, 0, 0, 1, -360, 360],
    [30, 31,  0.060795,  0.060084, 0, 0, 0, 0, 0, 0, 1, -360, 360],
    [31, 32,  0.019373,   0.02258, 0, 0, 0, 0, 0, 0, 1, -360, 360],
    [32, 33,  0.021276,  0.033081, 0, 0, 0, 0, 0, 0, 1, -360, 360],
    [21,  8,   0.12479,   0.12479, 0, 0, 0, 0, 0, 0, 0, -360, 360],
    [ 9, 15,   0.12479,   0.12479, 0, 0, 0, 0, 0, 0, 0, -360, 360],
    [12, 22,   0.12479,   0.12479, 0, 0, 0, 0, 0, 0, 0, -360, 360],
    [18, 33,  0.031196,  0.031196, 0, 0, 0, 0, 0, 0, 0, -360, 360],
    [25, 29,  0.031196,  0.031196, 0, 0, 0, 0, 0, 0, 0, -360, 360]
];

gencost = [
    [2, 0, 0, 3, 0, 20, 0]
];

