baseMVA = 1;

bus = [
[1,3,0,0,0,0,1,1,0,11,1,1,1],
[2,1,0.01678,0.02091,0,0,1,1,0,11,1,1.1,0.9],
[3,1,0.01678,0.02091,0,0,1,1,0,11,1,1.1,0.9],
[4,1,0.0338,0.03732,0,0,1,1,0,11,1,1.1,0.9],
[5,1,0.01456,0.01252,0,0,1,1,0,11,1,1.1,0.9],
[6,1,0.01049,0.01421,0,0,1,1,0,11,1,1.1,0.9],
[7,1,0.008821,0.01166,0,0,1,1,0,11,1,1.1,0.9],
[8,1,0.01435,0.01859,0,0,1,1,0,11,1,1.1,0.9],
[9,1,0.01931,0.02587,0,0,1,1,0,11,1,1.1,0.9],
[10,1,0.01435,0.01859,0,0,1,1,0,11,1,1.1,0.9],
[11,1,0.01627,0.01948,0,0,1,1,0,11,1,1.1,0.9],
[12,1,0.01627,0.01948,0,0,1,1,0,11,1,1.1,0.9],
[13,1,0.08213,0.07165,0,0,1,1,0,11,1,1.1,0.9],
[14,1,0.03471,0.03012,0,0,1,1,0,11,1,1.1,0.9],
[15,1,0.03471,0.03012,0,0,1,1,0,11,1,1.1,0.9],
[16,1,0.08031,0.07012,0,0,1,1,0,11,1,1.1,0.9],
[17,1,0.04962,0.04782,0,0,1,1,0,11,1,1.1,0.9],
[18,1,0.04962,0.04782,0,0,1,1,0,11,1,1.1,0.9],
[19,1,0.04377,0.03893,0,0,1,1,0,11,1,1.1,0.9],
[20,1,0.03732,0.03596,0,0,1,1,0,11,1,1.1,0.9],
[21,1,0.03732,0.03596,0,0,1,1,0,11,1,1.1,0.9],
[22,1,0.03102,0.02936,0,0,1,1,0,11,1,1.1,0.9]
];

gen = [
[1,0,0,10,-10,1,100,1,10,0,0,0,0,0,0,0,0,0,0,0,0]
];

branch = [
[1,2,0.0030281,0.0014934,0,0,0,0,0,0,1,-360,360],
[2,3,0.00045207,0.00023306,0,0,0,0,0,0,1,-360,360],
[2,4,0.004476,0.002305,0,0,0,0,0,0,1,-360,360],
[4,5,0.001595,0.00081818,0,0,0,0,0,0,1,-360,360],
[4,9,0.0061413,0.0031628,0,0,0,0,0,0,1,-360,360],
[5,6,0.010835,0.0055802,0,0,0,0,0,0,1,-360,360],
[6,7,0.00049421,0.00025455,0,0,0,0,0,0,1,-360,360],
[6,8,0.0024008,0.0012364,0,0,0,0,0,0,1,-360,360],
[9,10,0.00045207,0.00023306,0,0,0,0,0,0,1,-360,360],
[9,11,0.0055785,0.0028769,0,0,0,0,0,0,1,-360,360],
[11,12,0.00045207,0.00023306,0,0,0,0,0,0,1,-360,360],
[11,13,0.0032579,0.0016777,0,0,0,0,0,0,1,-360,360],
[13,14,0.0086446,0.0044529,0,0,0,0,0,0,1,-360,360],
[14,15,0.00018182,9.5868e-05,0,0,0,0,0,0,1,-360,360],
[14,16,0.00045207,0.00023306,0,0,0,0,0,0,1,-360,360],
[16,17,0.0026545,0.0013669,0,0,0,0,0,0,1,-360,360],
[17,18,0.0007843,0.00040331,0,0,0,0,0,0,1,-360,360],
[17,19,0.0047438,0.0024455,0,0,0,0,0,0,1,-360,360],
[19,20,0.0010678,0.00054545,0,0,0,0,0,0,1,-360,360],
[20,21,0.00071983,0.0003719,0,0,0,0,0,0,1,-360,360],
[20,22,0.0044041,0.0022678,0,0,0,0,0,0,1,-360,360]
];

gencost = [
[2,0,0,3,0,20,0]
];

