baseMVA = 1.666667e+01;

bus = [
[1,3,0,0,0,0,1,1,0,77.9423,1,1,1],
[2,1,0,0,0,0,1,1,0,6.9282,1,1.05,0.95],
[3,1,0,0,0,0,1,1,0,6.9282,1,1.05,0.95],
[4,1,0,0,0,0,1,1,0,77.9423,1,1.05,0.95],
[5,1,0,0,0,0,1,1,0,6.9282,1,1.05,0.95],
[6,1,0.011667,0.00011667,0,0,1,1,0,6.9282,1,1.05,0.95],
[7,1,0.0013333,1.33e-05,0,0,1,1,0,6.9282,1,1.05,0.95],
[8,1,-0.01,-0.0001,0,0,1,1,0,6.9282,1,1.05,0.95],
[9,1,0.015431,0.00015431,0,0,1,1,0,6.9282,1,1.05,0.95],
[10,1,0.0013333,1.33e-05,0,0,1,1,0,6.9282,1,1.05,0.95],
[11,1,0.0051203,5.12e-05,0,0,1,1,0,6.9282,1,1.05,0.95],
[12,1,0.0045,4.5e-05,0,0,1,1,0,6.9282,1,1.05,0.95],
[13,1,0.012233,0.00012233,0,0,1,1,0,6.9282,1,1.05,0.95],
[14,1,0.013601,0.00013601,0,0,1,1,0,6.9282,1,1.05,0.95],
[15,1,0.0030333,3.03e-05,0,0,1,1,0,6.9282,1,1.05,0.95],
[16,1,0.0035333,3.53e-05,0,0,1,1,0,6.9282,1,1.05,0.95],
[17,1,0.010909,0.00010909,0,0,1,1,0,6.9282,1,1.05,0.95],
[18,1,0.003145,3.15e-05,0,0,1,1,0,6.9282,1,1.05,0.95],
[19,1,0.010404,0.00010404,0,0,1,1,0,6.9282,1,1.05,0.95],
[20,1,0.011139,0.00011139,0,0,1,1,0,6.9282,1,1.05,0.95],
[21,1,0.0020333,2.03e-05,0,0,1,1,0,6.9282,1,1.05,0.95],
[22,1,0.043089,0.00043089,0,0,1,1,0,6.9282,1,1.05,0.95],
[23,1,0.13587,0.0013587,0,0,1,1,0,6.9282,1,1.05,0.95],
[24,1,0.036602,0.00036602,0,0,1,1,0,6.9282,1,1.05,0.95],
[25,1,0.060566,0.00060566,0,0,1,1,0,6.9282,1,1.05,0.95],
[26,1,0.026843,0.00026843,0,0,1,1,0,6.9282,1,1.05,0.95],
[27,1,0.0023333,2.33e-05,0,0,1,1,0,6.9282,1,1.05,0.95],
[28,1,0.11676,0.0011676,0,0,1,1,0,6.9282,1,1.05,0.95],
[29,1,0.01372,0.0001372,0,0,1,1,0,6.9282,1,1.05,0.95],
[30,1,0.13767,0.0013767,0,0,1,1,0,6.9282,1,1.05,0.95],
[31,1,0,0,0,0,1,1,0,6.9282,1,1.05,0.95],
[32,1,0.073794,0.00073794,0,0,1,1,0,6.9282,1,1.05,0.95],
[33,1,0.091932,0.00091932,0,0,1,1,0,6.9282,1,1.05,0.95],
[34,1,0.15216,0.0015216,0,0,1,1,0,6.9282,1,1.05,0.95],
[35,1,0.10428,0.0010428,0,0,1,1,0,6.9282,1,1.05,0.95],
[36,1,0.11404,0.0011404,0,0,1,1,0,6.9282,1,1.05,0.95],
[37,1,0,0,0,0,1,1,0,6.9282,1,1.05,0.95],
[38,1,0.12762,0.0012762,0,0,1,1,0,6.9282,1,1.05,0.95],
[39,1,0.04526,0.0004526,0,0,1,1,0,6.9282,1,1.05,0.95],
[40,1,0.10485,0.0010485,0,0,1,1,0,6.9282,1,1.05,0.95],
[41,1,0.0083027,8.3e-05,0,0,1,1,0,6.9282,1,1.05,0.95],
[42,1,0.0016667,1.67e-05,0,0,1,1,0,6.9282,1,1.05,0.95],
[43,1,0.001,1e-05,0,0,1,1,0,6.9282,1,1.05,0.95],
[44,1,0.12816,0.0012816,0,0,1,1,0,6.9282,1,1.05,0.95],
[45,1,0.022832,0.00022832,0,0,1,1,0,6.9282,1,1.05,0.95],
[46,1,0.021797,0.00021797,0,0,1,1,0,6.9282,1,1.05,0.95],
[47,1,-0.020333,-0.00020333,0,0,1,1,0,6.9282,1,1.05,0.95],
[48,1,0.01162,0.0001162,0,0,1,1,0,6.9282,1,1.05,0.95],
[49,1,0.0133,0.000133,0,0,1,1,0,6.9282,1,1.05,0.95],
[50,1,0.014471,0.00014471,0,0,1,1,0,6.9282,1,1.05,0.95],
[51,1,0.002515,2.52e-05,0,0,1,1,0,6.9282,1,1.05,0.95],
[52,1,-0.011667,-0.00011667,0,0,1,1,0,6.9282,1,1.05,0.95],
[53,1,0.009918,9.92e-05,0,0,1,1,0,6.9282,1,1.05,0.95],
[54,1,0.0088933,8.89e-05,0,0,1,1,0,6.9282,1,1.05,0.95],
[55,1,0.0033487,3.35e-05,0,0,1,1,0,6.9282,1,1.05,0.95],
[56,1,0.038106,0.00038106,0,0,1,1,0,6.9282,1,1.05,0.95],
[57,1,0.098205,0.00098205,0,0,1,1,0,6.9282,1,1.05,0.95],
[58,1,0.02217,0.0002217,0,0,1,1,0,6.9282,1,1.05,0.95],
[59,1,0.013351,0.00013351,0,0,1,1,0,6.9282,1,1.05,0.95],
[60,1,0.13431,0.0013431,0,0,1,1,0,6.9282,1,1.05,0.95],
[61,1,0.12127,0.0012127,0,0,1,1,0,6.9282,1,1.05,0.95],
[62,1,0.098486,0.00098486,0,0,1,1,0,6.9282,1,1.05,0.95],
[63,1,0.2118,0.002118,0,0,1,1,0,6.9282,1,1.05,0.95],
[64,1,0.078208,0.00078208,0,0,1,1,0,6.9282,1,1.05,0.95],
[65,1,0.029,0.00029,0,0,1,1,0,6.9282,1,1.05,0.95],
[66,1,0.14694,0.0014694,0,0,1,1,0,6.9282,1,1.05,0.95],
[67,1,0.16686,0.0016686,0,0,1,1,0,6.9282,1,1.05,0.95],
[68,1,0.1998,0.001998,0,0,1,1,0,6.9282,1,1.05,0.95],
[69,1,0.14073,0.0014073,0,0,1,1,0,6.9282,1,1.05,0.95],
[70,1,0.066196,0.00066196,0,0,1,1,0,6.9282,1,1.05,0.95],
[71,1,0.045956,0.00045956,0,0,1,1,0,6.9282,1,1.05,0.95],
[72,1,1.3807,0.013807,0,0,1,1,0,6.9282,1,1.05,0.95],
[73,1,0.15533,0.0015533,0,0,1,1,0,6.9282,1,1.05,0.95],
[74,1,0.093,0.00093,0,0,1,1,0,6.9282,1,1.05,0.95],
[75,1,0.031188,0.00031188,0,0,1,1,0,6.9282,1,1.05,0.95],
[76,1,0.038333,0.00038333,0,0,1,1,0,6.9282,1,1.05,0.95],
[77,1,0.007829,7.83e-05,0,0,1,1,0,6.9282,1,1.05,0.95],
[78,1,0.036481,0.00036481,0,0,1,1,0,6.9282,1,1.05,0.95],
[79,1,0.015247,0.00015247,0,0,1,1,0,6.9282,1,1.05,0.95],
[80,1,0.005155,5.16e-05,0,0,1,1,0,6.9282,1,1.05,0.95],
[81,1,0,0,0,0,1,1,0,6.9282,1,1.05,0.95],
[82,1,0.01534,0.0001534,0,0,1,1,0,6.9282,1,1.05,0.95],
[83,1,0.016132,0.00016132,0,0,1,1,0,6.9282,1,1.05,0.95],
[84,1,0.029595,0.00029595,0,0,1,1,0,6.9282,1,1.05,0.95],
[85,1,0.023695,0.00023695,0,0,1,1,0,6.9282,1,1.05,0.95],
[86,1,0.011242,0.00011242,0,0,1,1,0,6.9282,1,1.05,0.95],
[87,1,0.0072933,7.29e-05,0,0,1,1,0,6.9282,1,1.05,0.95],
[88,1,0.0040673,4.07e-05,0,0,1,1,0,6.9282,1,1.05,0.95],
[89,1,0.0063277,6.33e-05,0,0,1,1,0,6.9282,1,1.05,0.95],
[90,1,0.014198,0.00014198,0,0,1,1,0,6.9282,1,1.05,0.95],
[91,1,0.010927,0.00010927,0,0,1,1,0,6.9282,1,1.05,0.95],
[92,1,0.007091,7.09e-05,0,0,1,1,0,6.9282,1,1.05,0.95],
[93,1,0.01748,0.0001748,0,0,1,1,0,6.9282,1,1.05,0.95],
[94,1,0.005546,5.55e-05,0,0,1,1,0,6.9282,1,1.05,0.95],
[95,1,0.00582,5.82e-05,0,0,1,1,0,6.9282,1,1.05,0.95],
[96,1,0.0094273,9.43e-05,0,0,1,1,0,6.9282,1,1.05,0.95],
[97,1,0.0029587,2.96e-05,0,0,1,1,0,6.9282,1,1.05,0.95],
[98,1,0.001629,1.63e-05,0,0,1,1,0,6.9282,1,1.05,0.95],
[99,1,0.0020877,2.09e-05,0,0,1,1,0,6.9282,1,1.05,0.95],
[100,1,0.0044113,4.41e-05,0,0,1,1,0,6.9282,1,1.05,0.95],
[101,1,0.025572,0.00025572,0,0,1,1,0,6.9282,1,1.05,0.95],
[102,1,0.015473,0.00015473,0,0,1,1,0,6.9282,1,1.05,0.95],
[103,1,0.005118,5.12e-05,0,0,1,1,0,6.9282,1,1.05,0.95],
[104,1,0.004627,4.63e-05,0,0,1,1,0,6.9282,1,1.05,0.95],
[105,1,0.054339,0.00054339,0,0,1,1,0,6.9282,1,1.05,0.95],
[106,1,0.002591,2.59e-05,0,0,1,1,0,6.9282,1,1.05,0.95],
[107,1,0.073044,0.00073044,0,0,1,1,0,6.9282,1,1.05,0.95],
[108,1,0.049831,0.00049831,0,0,1,1,0,6.9282,1,1.05,0.95],
[109,1,0.0077027,7.7e-05,0,0,1,1,0,6.9282,1,1.05,0.95],
[110,1,0.025197,0.00025197,0,0,1,1,0,6.9282,1,1.05,0.95],
[111,1,0.0088,8.8e-05,0,0,1,1,0,6.9282,1,1.05,0.95],
[112,1,0.005495,5.5e-05,0,0,1,1,0,6.9282,1,1.05,0.95],
[113,1,0.0050703,5.07e-05,0,0,1,1,0,6.9282,1,1.05,0.95],
[114,1,-0.010667,-0.00010667,0,0,1,1,0,6.9282,1,1.05,0.95],
[115,1,0.0033637,3.36e-05,0,0,1,1,0,6.9282,1,1.05,0.95],
[116,1,0.004221,4.22e-05,0,0,1,1,0,6.9282,1,1.05,0.95],
[117,1,0.0080397,8.04e-05,0,0,1,1,0,6.9282,1,1.05,0.95],
[118,1,0.0073953,7.4e-05,0,0,1,1,0,6.9282,1,1.05,0.95],
[119,1,0.015861,0.00015861,0,0,1,1,0,6.9282,1,1.05,0.95],
[120,1,0.0075763,7.58e-05,0,0,1,1,0,6.9282,1,1.05,0.95],
[121,1,0.0073333,7.33e-05,0,0,1,1,0,6.9282,1,1.05,0.95],
[122,1,0.0071147,7.11e-05,0,0,1,1,0,6.9282,1,1.05,0.95],
[123,1,-0.009,-9e-05,0,0,1,1,0,6.9282,1,1.05,0.95],
[124,1,0.0045207,4.52e-05,0,0,1,1,0,6.9282,1,1.05,0.95],
[125,1,0.0082473,8.25e-05,0,0,1,1,0,6.9282,1,1.05,0.95],
[126,1,0.006649,6.65e-05,0,0,1,1,0,6.9282,1,1.05,0.95],
[127,1,0.005395,5.4e-05,0,0,1,1,0,6.9282,1,1.05,0.95],
[128,1,0.013667,0.00013667,0,0,1,1,0,6.9282,1,1.05,0.95],
[129,1,0.0048367,4.84e-05,0,0,1,1,0,6.9282,1,1.05,0.95],
[130,1,0.00084533,8.45e-06,0,0,1,1,0,6.9282,1,1.05,0.95],
[131,1,0.0011267,1.13e-05,0,0,1,1,0,6.9282,1,1.05,0.95],
[132,1,0.012161,0.00012161,0,0,1,1,0,6.9282,1,1.05,0.95],
[133,1,0.013858,0.00013858,0,0,1,1,0,6.9282,1,1.05,0.95],
[134,1,0.0038257,3.83e-05,0,0,1,1,0,6.9282,1,1.05,0.95],
[135,1,0.04572,0.0004572,0,0,1,1,0,6.9282,1,1.05,0.95],
[136,1,0.01605,0.0001605,0,0,1,1,0,6.9282,1,1.05,0.95],
[137,1,0.00561,5.61e-05,0,0,1,1,0,6.9282,1,1.05,0.95],
[138,1,0.0014403,1.44e-05,0,0,1,1,0,6.9282,1,1.05,0.95],
[139,1,0.0066653,6.67e-05,0,0,1,1,0,6.9282,1,1.05,0.95],
[140,1,0.025101,0.00025101,0,0,1,1,0,6.9282,1,1.05,0.95],
[141,1,0.011075,0.00011075,0,0,1,1,0,6.9282,1,1.05,0.95],
[142,1,0.011753,0.00011753,0,0,1,1,0,6.9282,1,1.05,0.95],
[143,1,0.010122,0.00010122,0,0,1,1,0,6.9282,1,1.05,0.95],
[144,1,0.018765,0.00018765,0,0,1,1,0,6.9282,1,1.05,0.95],
[145,1,0.026696,0.00026696,0,0,1,1,0,6.9282,1,1.05,0.95],
[146,1,0.0049907,4.99e-05,0,0,1,1,0,6.9282,1,1.05,0.95],
[147,1,0.011445,0.00011445,0,0,1,1,0,6.9282,1,1.05,0.95],
[148,1,0.01205,0.0001205,0,0,1,1,0,6.9282,1,1.05,0.95],
[149,1,0.002588,2.59e-05,0,0,1,1,0,6.9282,1,1.05,0.95],
[150,1,0.018047,0.00018047,0,0,1,1,0,6.9282,1,1.05,0.95],
[151,1,0.026814,0.00026814,0,0,1,1,0,6.9282,1,1.05,0.95],
[152,1,0.033142,0.00033142,0,0,1,1,0,6.9282,1,1.05,0.95],
[153,1,0,0,0,0,1,1,0,6.9282,1,1.05,0.95],
[154,1,0.0099707,9.97e-05,0,0,1,1,0,6.9282,1,1.05,0.95],
[155,1,0,0,0,0,1,1,0,6.9282,1,1.05,0.95],
[156,1,0,0,0,0,1,1,0,6.9282,1,1.05,0.95],
[157,1,0.0052547,5.25e-05,0,0,1,1,0,6.9282,1,1.05,0.95],
[158,1,0,0,0,0,1,1,0,6.9282,1,1.05,0.95],
[159,1,0.01195,0.0001195,0,0,1,1,0,6.9282,1,1.05,0.95],
[160,1,0,0,0,0,1,1,0,6.9282,1,1.05,0.95],
[161,1,0.011855,0.00011855,0,0,1,1,0,6.9282,1,1.05,0.95],
[162,1,0.003305,3.31e-05,0,0,1,1,0,6.9282,1,1.05,0.95],
[163,1,0.011937,0.00011937,0,0,1,1,0,6.9282,1,1.05,0.95],
[164,1,8.2e-05,8.2e-07,0,0,1,1,0,6.9282,1,1.05,0.95],
[165,1,0.0072427,7.24e-05,0,0,1,1,0,6.9282,1,1.05,0.95],
[166,1,0.005184,5.18e-05,0,0,1,1,0,6.9282,1,1.05,0.95],
[167,1,0.13542,0.0013542,0,0,1,1,0,6.9282,1,1.05,0.95],
[168,1,0,0,0,0,1,1,0,6.9282,1,1.05,0.95],
[169,1,0.162,0.00162,0,0,1,1,0,6.9282,1,1.05,0.95],
[170,1,0.065948,0.00065948,0,0,1,1,0,6.9282,1,1.05,0.95],
[171,1,0.082333,0.00082333,0,0,1,1,0,6.9282,1,1.05,0.95],
[172,1,0,0,0,0,1,1,0,6.9282,1,1.05,0.95],
[173,1,-0.018667,-0.00018667,0,0,1,1,0,6.9282,1,1.05,0.95],
[174,1,-0.021333,-0.00021333,0,0,1,1,0,6.9282,1,1.05,0.95],
[175,1,-0.017667,-0.00017667,0,0,1,1,0,6.9282,1,1.05,0.95],
[176,1,-0.013333,-0.00013333,0,0,1,1,0,6.9282,1,1.05,0.95],
[177,1,-0.017333,-0.00017333,0,0,1,1,0,6.9282,1,1.05,0.95],
[178,1,0.0063913,6.39e-05,0,0,1,1,0,6.9282,1,1.05,0.95],
[179,1,0,0,0,0,1,1,0,6.9282,1,1.05,0.95],
[180,1,0.13634,0.0013634,0,0,1,1,0,6.9282,1,1.05,0.95],
[181,1,0.036842,0.00036842,0,0,1,1,0,6.9282,1,1.05,0.95],
[182,1,0.015101,0.00015101,0,0,1,1,0,6.9282,1,1.05,0.95],
[183,1,0.029852,0.00029852,0,0,1,1,0,6.9282,1,1.05,0.95],
[184,1,0.0052667,5.27e-05,0,0,1,1,0,6.9282,1,1.05,0.95],
[185,1,0.005784,5.78e-05,0,0,1,1,0,6.9282,1,1.05,0.95],
[186,1,0.0068967,6.9e-05,0,0,1,1,0,6.9282,1,1.05,0.95],
[187,1,0.0056667,5.67e-05,0,0,1,1,0,6.9282,1,1.05,0.95],
[188,1,0.004568,4.57e-05,0,0,1,1,0,6.9282,1,1.05,0.95],
[189,1,0.0076333,7.63e-05,0,0,1,1,0,6.9282,1,1.05,0.95],
[190,1,0.0042667,4.27e-05,0,0,1,1,0,6.9282,1,1.05,0.95],
[191,1,0.0042667,4.27e-05,0,0,1,1,0,6.9282,1,1.05,0.95],
[192,1,0.015233,0.00015233,0,0,1,1,0,6.9282,1,1.05,0.95],
[193,1,0.012367,0.00012367,0,0,1,1,0,6.9282,1,1.05,0.95],
[194,1,0.039332,0.00039332,0,0,1,1,0,6.9282,1,1.05,0.95],
[195,1,-0.00033333,-3.33e-06,0,0,1,1,0,6.9282,1,1.05,0.95],
[196,1,0.027,0.00027,0,0,1,1,0,6.9282,1,1.05,0.95],
[197,1,0.00124,1.24e-05,0,0,1,1,0,6.9282,1,1.05,0.95],
[198,1,0.0075087,7.51e-05,0,0,1,1,0,6.9282,1,1.05,0.95],
[199,1,0.0024253,2.43e-05,0,0,1,1,0,6.9282,1,1.05,0.95],
[200,1,0.003037,3.04e-05,0,0,1,1,0,6.9282,1,1.05,0.95],
[201,1,0.013256,0.00013256,0,0,1,1,0,6.9282,1,1.05,0.95],
[202,1,0,0,0,0,1,1,0,6.9282,1,1.05,0.95],
[203,1,0.010335,0.00010335,0,0,1,1,0,6.9282,1,1.05,0.95],
[204,1,0,0,0,0,1,1,0,6.9282,1,1.05,0.95],
[205,1,0.01281,0.0001281,0,0,1,1,0,6.9282,1,1.05,0.95],
[206,1,0,0,0,0,1,1,0,6.9282,1,1.05,0.95],
[207,1,0,0,0,0,1,1,0,6.9282,1,1.05,0.95],
[208,1,0.0065907,6.59e-05,0,0,1,1,0,6.9282,1,1.05,0.95],
[209,1,0.000454,4.54e-06,0,0,1,1,0,6.9282,1,1.05,0.95],
[210,1,0.006897,6.9e-05,0,0,1,1,0,6.9282,1,1.05,0.95],
[211,1,0.060333,0.00060333,0,0,1,1,0,6.9282,1,1.05,0.95],
[212,1,0.020667,0.00020667,0,0,1,1,0,6.9282,1,1.05,0.95],
[213,1,0.095627,0.00095627,0,0,1,1,0,6.9282,1,1.05,0.95],
[214,1,0.11346,0.0011346,0,0,1,1,0,6.9282,1,1.05,0.95],
[215,1,0.10662,0.0010662,0,0,1,1,0,6.9282,1,1.05,0.95],
[216,1,0.14432,0.0014432,0,0,1,1,0,6.9282,1,1.05,0.95],
[217,1,0.0033333,3.33e-05,0,0,1,1,0,6.9282,1,1.05,0.95],
[218,1,0.098632,0.00098632,0,0,1,1,0,6.9282,1,1.05,0.95],
[219,1,0.0118,0.000118,0,0,1,1,0,6.9282,1,1.05,0.95],
[220,1,0.1305,0.001305,0,0,1,1,0,6.9282,1,1.05,0.95],
[221,1,0.07603,0.0007603,0,0,1,1,0,6.9282,1,1.05,0.95],
[222,1,0,0,0,0,1,1,0,6.9282,1,1.05,0.95],
[223,1,0.014333,0.00014333,0,0,1,1,0,6.9282,1,1.05,0.95],
[224,1,0.054967,0.00054967,0,0,1,1,0,6.9282,1,1.05,0.95],
[225,1,0.13019,0.0013019,0,0,1,1,0,6.9282,1,1.05,0.95],
[226,1,0.091,0.00091,0,0,1,1,0,6.9282,1,1.05,0.95],
[227,1,0.053667,0.00053667,0,0,1,1,0,6.9282,1,1.05,0.95],
[228,1,0.22233,0.0022233,0,0,1,1,0,6.9282,1,1.05,0.95],
[229,1,0.1161,0.001161,0,0,1,1,0,6.9282,1,1.05,0.95],
[230,1,0.19409,0.0019409,0,0,1,1,0,6.9282,1,1.05,0.95],
[231,1,0.063846,0.00063846,0,0,1,1,0,6.9282,1,1.05,0.95],
[232,1,0.11382,0.0011382,0,0,1,1,0,6.9282,1,1.05,0.95],
[233,1,0.017067,0.00017067,0,0,1,1,0,6.9282,1,1.05,0.95],
[234,1,0,0,0,0,1,1,0,6.9282,1,1.05,0.95],
[235,1,0.074625,0.00074625,0,0,1,1,0,6.9282,1,1.05,0.95],
[236,1,0.056679,0.00056679,0,0,1,1,0,6.9282,1,1.05,0.95],
[237,1,0.26067,0.0026067,0,0,1,1,0,6.9282,1,1.05,0.95],
[238,1,0.22426,0.0022426,0,0,1,1,0,6.9282,1,1.05,0.95],
[239,1,0.11083,0.0011083,0,0,1,1,0,6.9282,1,1.05,0.95],
[240,1,0.10466,0.0010466,0,0,1,1,0,6.9282,1,1.05,0.95],
[241,1,0.0725,0.000725,0,0,1,1,0,6.9282,1,1.05,0.95],
[242,1,0.10994,0.0010994,0,0,1,1,0,6.9282,1,1.05,0.95],
[243,1,0.098678,0.00098678,0,0,1,1,0,6.9282,1,1.05,0.95],
[244,1,0,0,0,0,1,1,0,6.9282,1,1.05,0.95],
[245,1,0.080868,0.00080868,0,0,1,1,0,6.9282,1,1.05,0.95],
[246,1,0.047841,0.00047841,0,0,1,1,0,6.9282,1,1.05,0.95],
[247,1,0.10524,0.0010524,0,0,1,1,0,6.9282,1,1.05,0.95],
[248,1,0.011725,0.00011725,0,0,1,1,0,6.9282,1,1.05,0.95],
[249,1,0.11562,0.0011562,0,0,1,1,0,6.9282,1,1.05,0.95],
[250,1,0.072048,0.00072048,0,0,1,1,0,6.9282,1,1.05,0.95],
[251,1,0.082059,0.00082059,0,0,1,1,0,6.9282,1,1.05,0.95],
[252,1,0.11815,0.0011814,0,0,1,1,0,6.9282,1,1.05,0.95],
[253,1,0.066253,0.00066253,0,0,1,1,0,6.9282,1,1.05,0.95],
[254,1,0.059445,0.00059445,0,0,1,1,0,6.9282,1,1.05,0.95],
[255,1,0.16286,0.0016286,0,0,1,1,0,6.9282,1,1.05,0.95],
[256,1,0.15899,0.0015899,0,0,1,1,0,6.9282,1,1.05,0.95],
[257,1,0.1847,0.001847,0,0,1,1,0,6.9282,1,1.05,0.95],
[258,1,0.10665,0.0010665,0,0,1,1,0,6.9282,1,1.05,0.95],
[259,1,0.14499,0.0014499,0,0,1,1,0,6.9282,1,1.05,0.95],
[260,1,0.12795,0.0012795,0,0,1,1,0,6.9282,1,1.05,0.95],
[261,1,0.12064,0.0012064,0,0,1,1,0,6.9282,1,1.05,0.95],
[262,1,0.22636,0.0022636,0,0,1,1,0,6.9282,1,1.05,0.95],
[263,1,0.055053,0.00055053,0,0,1,1,0,6.9282,1,1.05,0.95],
[264,1,0.053142,0.00053142,0,0,1,1,0,6.9282,1,1.05,0.95],
[265,1,0,0,0,0,1,1,0,6.9282,1,1.05,0.95],
[266,1,0,0,0,0,1,1,0,6.9282,1,1.05,0.95],
[267,1,0,0,0,0,1,1,0,6.9282,1,1.05,0.95],
[268,1,0.0062957,6.3e-05,0,0,1,1,0,6.9282,1,1.05,0.95],
[269,1,0.028837,0.00028837,0,0,1,1,0,6.9282,1,1.05,0.95],
[270,1,0.01194,0.0001194,0,0,1,1,0,6.9282,1,1.05,0.95],
[271,1,0.009293,9.29e-05,0,0,1,1,0,6.9282,1,1.05,0.95],
[272,1,0.00505,5.05e-05,0,0,1,1,0,6.9282,1,1.05,0.95],
[273,1,0,0,0,0,1,1,0,6.9282,1,1.05,0.95],
[274,1,0.00252,2.52e-05,0,0,1,1,0,6.9282,1,1.05,0.95],
[275,1,0,0,0,0,1,1,0,6.9282,1,1.05,0.95],
[276,1,0,0,0,0,1,1,0,6.9282,1,1.05,0.95],
[277,1,0,0,0,0,1,1,0,6.9282,1,1.05,0.95],
[278,1,0,0,0,0,1,1,0,6.9282,1,1.05,0.95],
[279,1,0.008799,8.8e-05,0,0,1,1,0,6.9282,1,1.05,0.95],
[280,1,0,0,0,0,1,1,0,6.9282,1,1.05,0.95],
[281,1,0,0,0,0,1,1,0,6.9282,1,1.05,0.95],
[282,1,0,0,0,0,1,1,0,6.9282,1,1.05,0.95],
[283,1,0.007771,7.77e-05,0,0,1,1,0,6.9282,1,1.05,0.95],
[284,1,0.0092017,9.2e-05,0,0,1,1,0,6.9282,1,1.05,0.95],
[285,1,0.013336,0.00013336,0,0,1,1,0,6.9282,1,1.05,0.95],
[286,1,0,0,0,0,1,1,0,6.9282,1,1.05,0.95],
[287,1,0.017974,0.00017974,0,0,1,1,0,6.9282,1,1.05,0.95],
[288,1,0.012223,0.00012223,0,0,1,1,0,6.9282,1,1.05,0.95],
[289,1,0.044945,0.00044945,0,0,1,1,0,6.9282,1,1.05,0.95],
[290,1,0.014563,0.00014563,0,0,1,1,0,6.9282,1,1.05,0.95],
[291,1,0.0039243,3.92e-05,0,0,1,1,0,6.9282,1,1.05,0.95],
[292,1,0.0083907,8.39e-05,0,0,1,1,0,6.9282,1,1.05,0.95],
[293,1,0.0065063,6.51e-05,0,0,1,1,0,6.9282,1,1.05,0.95],
[294,1,0,0,0,0,1,1,0,6.9282,1,1.05,0.95],
[295,1,0.0090693,9.07e-05,0,0,1,1,0,6.9282,1,1.05,0.95],
[296,1,0,0,0,0,1,1,0,6.9282,1,1.05,0.95],
[297,1,0.00391,3.91e-05,0,0,1,1,0,6.9282,1,1.05,0.95],
[298,1,0,0,0,0,1,1,0,6.9282,1,1.05,0.95],
[299,1,0.003139,3.14e-05,0,0,1,1,0,6.9282,1,1.05,0.95],
[300,1,0.0093177,9.32e-05,0,0,1,1,0,6.9282,1,1.05,0.95],
[301,1,0.015877,0.00015877,0,0,1,1,0,6.9282,1,1.05,0.95],
[302,1,0.0019937,1.99e-05,0,0,1,1,0,6.9282,1,1.05,0.95],
[303,1,0,0,0,0,1,1,0,6.9282,1,1.05,0.95],
[304,1,0.0033273,3.33e-05,0,0,1,1,0,6.9282,1,1.05,0.95],
[305,1,0.0049287,4.93e-05,0,0,1,1,0,6.9282,1,1.05,0.95],
[306,1,0.0226,0.000226,0,0,1,1,0,6.9282,1,1.05,0.95],
[307,1,0.01436,0.0001436,0,0,1,1,0,6.9282,1,1.05,0.95],
[308,1,0.0075313,7.53e-05,0,0,1,1,0,6.9282,1,1.05,0.95],
[309,1,0.0052823,5.28e-05,0,0,1,1,0,6.9282,1,1.05,0.95],
[310,1,0.002,2e-05,0,0,1,1,0,6.9282,1,1.05,0.95],
[311,1,0.00070867,7.09e-06,0,0,1,1,0,6.9282,1,1.05,0.95],
[312,1,0.0044437,4.44e-05,0,0,1,1,0,6.9282,1,1.05,0.95],
[313,1,0.006261,6.26e-05,0,0,1,1,0,6.9282,1,1.05,0.95],
[314,1,0.0060133,6.01e-05,0,0,1,1,0,6.9282,1,1.05,0.95],
[315,1,0.01251,0.0001251,0,0,1,1,0,6.9282,1,1.05,0.95],
[316,1,0.012928,0.00012928,0,0,1,1,0,6.9282,1,1.05,0.95],
[317,1,0.020893,0.00020893,0,0,1,1,0,6.9282,1,1.05,0.95],
[318,1,0.020275,0.00020275,0,0,1,1,0,6.9282,1,1.05,0.95],
[319,1,0.013658,0.00013658,0,0,1,1,0,6.9282,1,1.05,0.95],
[320,1,0.016796,0.00016796,0,0,1,1,0,6.9282,1,1.05,0.95],
[321,1,0.028686,0.00028686,0,0,1,1,0,6.9282,1,1.05,0.95],
[322,1,0.011297,0.00011297,0,0,1,1,0,6.9282,1,1.05,0.95],
[323,1,0.011379,0.00011379,0,0,1,1,0,6.9282,1,1.05,0.95],
[324,1,0.010821,0.00010821,0,0,1,1,0,6.9282,1,1.05,0.95],
[325,1,0.00532,5.32e-05,0,0,1,1,0,6.9282,1,1.05,0.95],
[326,1,0.0034663,3.47e-05,0,0,1,1,0,6.9282,1,1.05,0.95],
[327,1,0.01185,0.0001185,0,0,1,1,0,6.9282,1,1.05,0.95],
[328,1,0.008447,8.45e-05,0,0,1,1,0,6.9282,1,1.05,0.95],
[329,1,0.020114,0.00020114,0,0,1,1,0,6.9282,1,1.05,0.95],
[330,1,0.005993,5.99e-05,0,0,1,1,0,6.9282,1,1.05,0.95],
[331,1,0.0086173,8.62e-05,0,0,1,1,0,6.9282,1,1.05,0.95],
[332,1,0.019481,0.00019481,0,0,1,1,0,6.9282,1,1.05,0.95],
[333,1,0.0097543,9.75e-05,0,0,1,1,0,6.9282,1,1.05,0.95],
[334,1,0,0,0,0,1,1,0,6.9282,1,1.05,0.95],
[335,1,0.020272,0.00020272,0,0,1,1,0,6.9282,1,1.05,0.95],
[336,1,0,0,0,0,1,1,0,6.9282,1,1.05,0.95],
[337,1,0.016288,0.00016288,0,0,1,1,0,6.9282,1,1.05,0.95],
[338,1,0.008819,8.82e-05,0,0,1,1,0,6.9282,1,1.05,0.95],
[339,1,0,0,0,0,1,1,0,6.9282,1,1.05,0.95],
[340,1,0,0,0,0,1,1,0,6.9282,1,1.05,0.95],
[341,1,0,0,0,0,1,1,0,6.9282,1,1.05,0.95],
[342,1,0.0038607,3.86e-05,0,0,1,1,0,6.9282,1,1.05,0.95],
[343,1,0.017792,0.00017792,0,0,1,1,0,6.9282,1,1.05,0.95],
[344,1,0,0,0,0,1,1,0,6.9282,1,1.05,0.95],
[345,1,0,0,0,0,1,1,0,6.9282,1,1.05,0.95],
[346,1,0.0097717,9.77e-05,0,0,1,1,0,6.9282,1,1.05,0.95],
[347,1,0.010831,0.00010831,0,0,1,1,0,6.9282,1,1.05,0.95],
[348,1,0.0036993,3.7e-05,0,0,1,1,0,6.9282,1,1.05,0.95],
[349,1,0.0070663,7.07e-05,0,0,1,1,0,6.9282,1,1.05,0.95],
[350,1,0.012811,0.00012811,0,0,1,1,0,6.9282,1,1.05,0.95],
[351,1,0.005175,5.18e-05,0,0,1,1,0,6.9282,1,1.05,0.95],
[352,1,0.033413,0.00033413,0,0,1,1,0,6.9282,1,1.05,0.95],
[353,1,0.019416,0.00019416,0,0,1,1,0,6.9282,1,1.05,0.95],
[354,1,0.073333,0.00073333,0,0,1,1,0,6.9282,1,1.05,0.95],
[355,1,0.00037,3.7e-06,0,0,1,1,0,6.9282,1,1.05,0.95],
[356,1,0.003691,3.69e-05,0,0,1,1,0,6.9282,1,1.05,0.95],
[357,1,0,0,0,0,1,1,0,6.9282,1,1.05,0.95],
[358,1,0.0095833,9.58e-05,0,0,1,1,0,6.9282,1,1.05,0.95],
[359,1,0,0,0,0,1,1,0,6.9282,1,1.05,0.95],
[360,1,0.025804,0.00025804,0,0,1,1,0,6.9282,1,1.05,0.95],
[361,1,0.01332,0.0001332,0,0,1,1,0,6.9282,1,1.05,0.95],
[362,1,0,0,0,0,1,1,0,6.9282,1,1.05,0.95],
[363,1,0,0,0,0,1,1,0,6.9282,1,1.05,0.95],
[364,1,0.004589,4.59e-05,0,0,1,1,0,6.9282,1,1.05,0.95],
[365,1,0.0085353,8.54e-05,0,0,1,1,0,6.9282,1,1.05,0.95],
[366,1,0,0,0,0,1,1,0,6.9282,1,1.05,0.95],
[367,1,0.014821,0.00014821,0,0,1,1,0,6.9282,1,1.05,0.95],
[368,1,0.010225,0.00010225,0,0,1,1,0,6.9282,1,1.05,0.95],
[369,1,-0.010067,-0.00010067,0,0,1,1,0,6.9282,1,1.05,0.95],
[370,1,0.001,1e-05,0,0,1,1,0,6.9282,1,1.05,0.95],
[371,1,0.0016213,1.62e-05,0,0,1,1,0,6.9282,1,1.05,0.95],
[372,1,-0.0046667,-4.67e-05,0,0,1,1,0,6.9282,1,1.05,0.95],
[373,1,0.0089303,8.93e-05,0,0,1,1,0,6.9282,1,1.05,0.95],
[374,1,0.011057,0.00011057,0,0,1,1,0,6.9282,1,1.05,0.95],
[375,1,0.010319,0.00010319,0,0,1,1,0,6.9282,1,1.05,0.95],
[376,1,0.0052933,5.29e-05,0,0,1,1,0,6.9282,1,1.05,0.95],
[377,1,-0.014,-0.00014,0,0,1,1,0,6.9282,1,1.05,0.95],
[378,1,0.0053473,5.35e-05,0,0,1,1,0,6.9282,1,1.05,0.95],
[379,1,0.01281,0.0001281,0,0,1,1,0,6.9282,1,1.05,0.95],
[380,1,0.004825,4.83e-05,0,0,1,1,0,6.9282,1,1.05,0.95],
[381,1,-0.0046667,-4.67e-05,0,0,1,1,0,6.9282,1,1.05,0.95],
[382,1,0.00066667,6.67e-06,0,0,1,1,0,6.9282,1,1.05,0.95],
[383,1,0,0,0,0,1,1,0,6.9282,1,1.05,0.95],
[384,1,0,0,0,0,1,1,0,6.9282,1,1.05,0.95],
[385,1,0,0,0,0,1,1,0,6.9282,1,1.05,0.95],
[386,1,0.020184,0.00020184,0,0,1,1,0,6.9282,1,1.05,0.95],
[387,1,0,0,0,0,1,1,0,6.9282,1,1.05,0.95],
[388,1,7e-05,7e-07,0,0,1,1,0,6.9282,1,1.05,0.95],
[389,1,0,0,0,0,1,1,0,6.9282,1,1.05,0.95],
[390,1,0.0067493,6.75e-05,0,0,1,1,0,6.9282,1,1.05,0.95],
[391,1,0.010997,0.00010997,0,0,1,1,0,6.9282,1,1.05,0.95],
[392,1,0.00169,1.69e-05,0,0,1,1,0,6.9282,1,1.05,0.95],
[393,1,0.00753,7.53e-05,0,0,1,1,0,6.9282,1,1.05,0.95],
[394,1,0,0,0,0,1,1,0,6.9282,1,1.05,0.95],
[395,1,0.009397,9.4e-05,0,0,1,1,0,6.9282,1,1.05,0.95],
[396,1,0.0070647,7.06e-05,0,0,1,1,0,6.9282,1,1.05,0.95],
[397,1,0,0,0,0,1,1,0,6.9282,1,1.05,0.95],
[398,1,0,0,0,0,1,1,0,6.9282,1,1.05,0.95],
[399,1,0.0045413,4.54e-05,0,0,1,1,0,6.9282,1,1.05,0.95],
[400,1,0.0038107,3.81e-05,0,0,1,1,0,6.9282,1,1.05,0.95],
[401,1,0,0,0,0,1,1,0,6.9282,1,1.05,0.95],
[402,1,0,0,0,0,1,1,0,6.9282,1,1.05,0.95],
[403,1,0,0,0,0,1,1,0,6.9282,1,1.05,0.95],
[404,1,0.0030777,3.08e-05,0,0,1,1,0,6.9282,1,1.05,0.95],
[405,1,0.0077567,7.76e-05,0,0,1,1,0,6.9282,1,1.05,0.95],
[406,1,0.014733,0.00014733,0,0,1,1,0,6.9282,1,1.05,0.95],
[407,1,0.0063353,6.34e-05,0,0,1,1,0,6.9282,1,1.05,0.95],
[408,1,0.0080397,8.04e-05,0,0,1,1,0,6.9282,1,1.05,0.95],
[409,1,0.0045767,4.58e-05,0,0,1,1,0,6.9282,1,1.05,0.95],
[410,1,0,0,0,0,1,1,0,6.9282,1,1.05,0.95],
[411,1,0.084535,0.00084535,0,0,1,1,0,6.9282,1,1.05,0.95],
[412,1,0.012315,0.00012315,0,0,1,1,0,6.9282,1,1.05,0.95],
[413,1,0.0080397,8.04e-05,0,0,1,1,0,6.9282,1,1.05,0.95],
[414,1,0,0,0,0,1,1,0,6.9282,1,1.05,0.95],
[415,1,0.0039413,3.94e-05,0,0,1,1,0,6.9282,1,1.05,0.95],
[416,1,0.016208,0.00016208,0,0,1,1,0,6.9282,1,1.05,0.95],
[417,1,0.0075077,7.51e-05,0,0,1,1,0,6.9282,1,1.05,0.95],
[418,1,0.001681,1.68e-05,0,0,1,1,0,6.9282,1,1.05,0.95],
[419,1,0.028074,0.00028074,0,0,1,1,0,6.9282,1,1.05,0.95],
[420,1,0.062314,0.00062314,0,0,1,1,0,6.9282,1,1.05,0.95],
[421,1,-0.0026667,-2.67e-05,0,0,1,1,0,6.9282,1,1.05,0.95],
[422,1,-0.0026667,-2.67e-05,0,0,1,1,0,6.9282,1,1.05,0.95],
[423,1,0.00033333,3.33e-06,0,0,1,1,0,6.9282,1,1.05,0.95],
[424,1,-0.0013333,-1.33e-05,0,0,1,1,0,6.9282,1,1.05,0.95],
[425,1,0.0074033,7.4e-05,0,0,1,1,0,6.9282,1,1.05,0.95],
[426,1,0.00524,5.24e-05,0,0,1,1,0,6.9282,1,1.05,0.95],
[427,1,0.013027,0.00013027,0,0,1,1,0,6.9282,1,1.05,0.95],
[428,1,0.0013663,1.37e-05,0,0,1,1,0,6.9282,1,1.05,0.95],
[429,1,0.0088683,8.87e-05,0,0,1,1,0,6.9282,1,1.05,0.95],
[430,1,0,0,0,0,1,1,0,6.9282,1,1.05,0.95],
[431,1,0.001991,1.99e-05,0,0,1,1,0,6.9282,1,1.05,0.95],
[432,1,0.000988,9.88e-06,0,0,1,1,0,6.9282,1,1.05,0.95],
[433,1,0.0064387,6.44e-05,0,0,1,1,0,6.9282,1,1.05,0.95],
[434,1,0.000974,9.74e-06,0,0,1,1,0,6.9282,1,1.05,0.95],
[435,1,0,0,0,0,1,1,0,6.9282,1,1.05,0.95],
[436,1,0,0,0,0,1,1,0,6.9282,1,1.05,0.95],
[437,1,0.0020407,2.04e-05,0,0,1,1,0,6.9282,1,1.05,0.95],
[438,1,0.012589,0.00012589,0,0,1,1,0,6.9282,1,1.05,0.95],
[439,1,0,0,0,0,1,1,0,6.9282,1,1.05,0.95],
[440,1,0.0023223,2.32e-05,0,0,1,1,0,6.9282,1,1.05,0.95],
[441,1,0.0015517,1.55e-05,0,0,1,1,0,6.9282,1,1.05,0.95],
[442,1,0.006957,6.96e-05,0,0,1,1,0,6.9282,1,1.05,0.95],
[443,1,-0.033667,-0.00033667,0,0,1,1,0,6.9282,1,1.05,0.95],
[444,1,0.0031557,3.16e-05,0,0,1,1,0,6.9282,1,1.05,0.95],
[445,1,0.010319,0.00010319,0,0,1,1,0,6.9282,1,1.05,0.95],
[446,1,0,0,0,0,1,1,0,6.9282,1,1.05,0.95],
[447,1,0.0020597,2.06e-05,0,0,1,1,0,6.9282,1,1.05,0.95],
[448,1,0.0041187,4.12e-05,0,0,1,1,0,6.9282,1,1.05,0.95],
[449,1,0.0089223,8.92e-05,0,0,1,1,0,6.9282,1,1.05,0.95],
[450,1,0,0,0,0,1,1,0,6.9282,1,1.05,0.95],
[451,1,0,0,0,0,1,1,0,6.9282,1,1.05,0.95],
[452,1,0,0,0,0,1,1,0,6.9282,1,1.05,0.95],
[453,1,0.0061263,6.13e-05,0,0,1,1,0,6.9282,1,1.05,0.95],
[454,1,0.024109,0.00024109,0,0,1,1,0,6.9282,1,1.05,0.95],
[455,1,0,0,0,0,1,1,0,6.9282,1,1.05,0.95],
[456,1,0.0045963,4.6e-05,0,0,1,1,0,6.9282,1,1.05,0.95],
[457,1,0.0029003,2.9e-05,0,0,1,1,0,6.9282,1,1.05,0.95],
[458,1,0,0,0,0,1,1,0,6.9282,1,1.05,0.95],
[459,1,0.0029967,3e-05,0,0,1,1,0,6.9282,1,1.05,0.95],
[460,1,0,0,0,0,1,1,0,6.9282,1,1.05,0.95],
[461,1,0.0035313,3.53e-05,0,0,1,1,0,6.9282,1,1.05,0.95],
[462,1,0.012312,0.00012312,0,0,1,1,0,6.9282,1,1.05,0.95],
[463,1,0.039695,0.00039695,0,0,1,1,0,6.9282,1,1.05,0.95],
[464,1,0.0082413,8.24e-05,0,0,1,1,0,6.9282,1,1.05,0.95],
[465,1,0,0,0,0,1,1,0,6.9282,1,1.05,0.95],
[466,1,0,0,0,0,1,1,0,6.9282,1,1.05,0.95],
[467,1,0.00209,2.09e-05,0,0,1,1,0,6.9282,1,1.05,0.95],
[468,1,0,0,0,0,1,1,0,6.9282,1,1.05,0.95],
[469,1,0.0034643,3.46e-05,0,0,1,1,0,6.9282,1,1.05,0.95],
[470,1,0.0095153,9.52e-05,0,0,1,1,0,6.9282,1,1.05,0.95],
[471,1,0.0043153,4.32e-05,0,0,1,1,0,6.9282,1,1.05,0.95],
[472,1,0,0,0,0,1,1,0,6.9282,1,1.05,0.95],
[473,1,0.0026973,2.7e-05,0,0,1,1,0,6.9282,1,1.05,0.95],
[474,1,0.010859,0.00010859,0,0,1,1,0,6.9282,1,1.05,0.95],
[475,1,0.010397,0.00010397,0,0,1,1,0,6.9282,1,1.05,0.95],
[476,1,0,0,0,0,1,1,0,6.9282,1,1.05,0.95],
[477,1,0.010208,0.00010208,0,0,1,1,0,6.9282,1,1.05,0.95],
[478,1,0.0059627,5.96e-05,0,0,1,1,0,6.9282,1,1.05,0.95],
[479,1,0.012755,0.00012755,0,0,1,1,0,6.9282,1,1.05,0.95],
[480,1,0.0095803,9.58e-05,0,0,1,1,0,6.9282,1,1.05,0.95],
[481,1,0.003293,3.29e-05,0,0,1,1,0,6.9282,1,1.05,0.95],
[482,1,0.00092667,9.27e-06,0,0,1,1,0,6.9282,1,1.05,0.95],
[483,1,0.010494,0.00010494,0,0,1,1,0,6.9282,1,1.05,0.95],
[484,1,0.0064323,6.43e-05,0,0,1,1,0,6.9282,1,1.05,0.95],
[485,1,0.0047553,4.76e-05,0,0,1,1,0,6.9282,1,1.05,0.95],
[486,1,0.013455,0.00013455,0,0,1,1,0,6.9282,1,1.05,0.95],
[487,1,0.028033,0.00028033,0,0,1,1,0,6.9282,1,1.05,0.95],
[488,1,0.0047857,4.79e-05,0,0,1,1,0,6.9282,1,1.05,0.95],
[489,1,0.013807,0.00013807,0,0,1,1,0,6.9282,1,1.05,0.95],
[490,1,0,0,0,0,1,1,0,6.9282,1,1.05,0.95],
[491,1,0.0072547,7.25e-05,0,0,1,1,0,6.9282,1,1.05,0.95],
[492,1,0.0064427,6.44e-05,0,0,1,1,0,6.9282,1,1.05,0.95],
[493,1,0,0,0,0,1,1,0,6.9282,1,1.05,0.95],
[494,1,0.013008,0.00013008,0,0,1,1,0,6.9282,1,1.05,0.95],
[495,1,0.00020033,2e-06,0,0,1,1,0,6.9282,1,1.05,0.95],
[496,1,0.024304,0.00024304,0,0,1,1,0,6.9282,1,1.05,0.95],
[497,1,0,0,0,0,1,1,0,6.9282,1,1.05,0.95],
[498,1,0.015788,0.00015788,0,0,1,1,0,6.9282,1,1.05,0.95],
[499,1,0.022333,0.00022333,0,0,1,1,0,6.9282,1,1.05,0.95],
[500,1,0,0,0,0,1,1,0,6.9282,1,1.05,0.95],
[501,1,0.003176,3.18e-05,0,0,1,1,0,6.9282,1,1.05,0.95],
[502,1,0.024355,0.00024355,0,0,1,1,0,6.9282,1,1.05,0.95],
[503,1,0.001566,1.57e-05,0,0,1,1,0,6.9282,1,1.05,0.95],
[504,1,0.0049463,4.95e-05,0,0,1,1,0,6.9282,1,1.05,0.95],
[505,1,0.0053443,5.34e-05,0,0,1,1,0,6.9282,1,1.05,0.95],
[506,1,0.0061717,6.17e-05,0,0,1,1,0,6.9282,1,1.05,0.95],
[507,1,0.058624,0.00058624,0,0,1,1,0,6.9282,1,1.05,0.95],
[508,1,0.074241,0.00074241,0,0,1,1,0,6.9282,1,1.05,0.95],
[509,1,0.22389,0.0022389,0,0,1,1,0,6.9282,1,1.05,0.95],
[510,1,0.050518,0.00050518,0,0,1,1,0,6.9282,1,1.05,0.95],
[511,1,0.19864,0.0019864,0,0,1,1,0,6.9282,1,1.05,0.95],
[512,1,0.22884,0.0022884,0,0,1,1,0,6.9282,1,1.05,0.95],
[513,1,0.011762,0.00011762,0,0,1,1,0,6.9282,1,1.05,0.95],
[514,1,0.020129,0.00020129,0,0,1,1,0,6.9282,1,1.05,0.95],
[515,1,0,0,0,0,1,1,0,6.9282,1,1.05,0.95],
[516,1,0.017024,0.00017024,0,0,1,1,0,6.9282,1,1.05,0.95],
[517,1,0.056277,0.00056277,0,0,1,1,0,6.9282,1,1.05,0.95],
[518,1,0.007604,7.6e-05,0,0,1,1,0,6.9282,1,1.05,0.95],
[519,1,0.008273,8.27e-05,0,0,1,1,0,6.9282,1,1.05,0.95],
[520,1,0.027617,0.00027617,0,0,1,1,0,6.9282,1,1.05,0.95],
[521,1,0.0076893,7.69e-05,0,0,1,1,0,6.9282,1,1.05,0.95],
[522,1,0.019397,0.00019397,0,0,1,1,0,6.9282,1,1.05,0.95],
[523,1,0.014603,0.00014603,0,0,1,1,0,6.9282,1,1.05,0.95],
[524,1,0.007695,7.7e-05,0,0,1,1,0,6.9282,1,1.05,0.95],
[525,1,0.0097643,9.76e-05,0,0,1,1,0,6.9282,1,1.05,0.95],
[526,1,0.019031,0.00019031,0,0,1,1,0,6.9282,1,1.05,0.95],
[527,1,0.02092,0.0002092,0,0,1,1,0,6.9282,1,1.05,0.95],
[528,1,0.0072557,7.26e-05,0,0,1,1,0,6.9282,1,1.05,0.95],
[529,1,0.00732,7.32e-05,0,0,1,1,0,6.9282,1,1.05,0.95],
[530,1,0.015936,0.00015936,0,0,1,1,0,6.9282,1,1.05,0.95],
[531,1,0.022209,0.00022209,0,0,1,1,0,6.9282,1,1.05,0.95],
[532,1,0.010217,0.00010217,0,0,1,1,0,6.9282,1,1.05,0.95],
[533,1,0.015609,0.00015609,0,0,1,1,0,6.9282,1,1.05,0.95]
];

gen = [
[1,0,0,16.6667,-16.6667,1,16.6667,1,16.6667,-16.6667,0,0,0,0,0,0,0,0]
];

branch = [
[1,2,0.00028918,0.00047542,0,53.0008,0,0,0,0,1,-360,360,3.18],
[1,3,0.00032847,0.00066289,0,54.5596,0,0,0,0,1,-360,360,3.2736],
[4,1,0.00096139,0.0019969,0,50.6625,0,0,0,0,1,-360,360,3.0397],
[5,2,0.24736,0.13925,0,5.404,0,0,0,0,1,-360,360,0.32424],
[5,6,0.027864,0.0043734,0,1.6628,0,0,0,0,1,-360,360,0.099766],
[6,7,0.39898,0.066484,0,1.0046,0,0,0,0,1,-360,360,0.060275],
[7,8,0.067884,0.012975,0,1.0739,0,0,0,0,1,-360,360,0.064432],
[5,9,0.20877,0.063536,0,1.4203,0,0,0,0,1,-360,360,0.085217],
[9,10,0.066111,0.02012,0,1.4203,0,0,0,0,1,-360,360,0.085217],
[11,10,0.095,0.029227,0,1.4203,0,0,0,0,1,-360,360,0.085217],
[11,12,0.090711,0.028244,0,1.4203,0,0,0,0,1,-360,360,0.085217],
[12,13,0.067578,0.020567,0,1.4203,0,0,0,0,1,-360,360,0.085217],
[13,14,0.15629,0.029873,0,1.0739,0,0,0,0,1,-360,360,0.064432],
[14,15,0.075133,0.022866,0,1.4203,0,0,0,0,1,-360,360,0.085217],
[15,16,0.21916,0.066698,0,1.4203,0,0,0,0,1,-360,360,0.085217],
[16,17,0.0978,0.029765,0,1.4203,0,0,0,0,1,-360,360,0.085217],
[17,18,0.23542,0.02342,0,0.69282,0,0,0,0,1,-360,360,0.041569],
[12,19,0.2949,0.052741,0,1.0046,0,0,0,0,1,-360,360,0.060275],
[11,20,0.13982,0.043161,0,1.4203,0,0,0,0,1,-360,360,0.085217],
[20,21,0.13759,0.0263,0,1.0739,0,0,0,0,1,-360,360,0.064432],
[5,22,0.23992,0.041685,0,0.96995,0,0,0,0,1,-360,360,0.058197],
[5,23,0.043221,0.02401,0,2.0785,0,0,0,0,1,-360,360,0.12471],
[24,23,0.090163,0.014583,0,0.96995,0,0,0,0,1,-360,360,0.058197],
[24,25,0.044004,0.0083861,0,0.96995,0,0,0,0,1,-360,360,0.058197],
[25,26,0.074835,0.012554,0,0.96995,0,0,0,0,1,-360,360,0.058197],
[26,27,0.16954,0.02658,0,0.83138,0,0,0,0,1,-360,360,0.049883],
[2,3,0.032371,0.017195,0,7.3439,0,0,0,0,0,-360,360,0.44063],
[28,2,0.015818,0.0082597,0,1.8013,0,0,0,0,1,-360,360,0.10808],
[29,28,0.044927,0.022564,0,1.8013,0,0,0,0,1,-360,360,0.10808],
[29,30,0.049522,0.026265,0,1.8013,0,0,0,0,1,-360,360,0.10808],
[31,30,0.044647,0.026961,0,2.0785,0,0,0,0,1,-360,360,0.12471],
[31,32,0.0098481,0.0067469,0,2.3556,0,0,0,0,1,-360,360,0.14134],
[32,33,0.014038,0.0084555,0,2.0785,0,0,0,0,1,-360,360,0.12471],
[34,33,0.048249,0.025954,0,1.8013,0,0,0,0,1,-360,360,0.10808],
[34,35,0.033797,0.016954,0,1.8013,0,0,0,0,1,-360,360,0.10808],
[36,2,0.090628,0.04767,0,1.8013,0,0,0,0,1,-360,360,0.10808],
[36,34,0.014014,0.0090372,0,1.8013,0,0,0,0,0,-360,360,0.10808],
[36,37,0.17024,0.085906,0,1.8013,0,0,0,0,1,-360,360,0.10808],
[38,2,0.025256,0.01402,0,2.0785,0,0,0,0,1,-360,360,0.12471],
[38,39,0.021057,0.010625,0,1.8013,0,0,0,0,1,-360,360,0.10808],
[40,39,0.020607,0.010398,0,1.8013,0,0,0,0,1,-360,360,0.10808],
[6,41,0.14238,0.024212,0,1.0046,0,0,0,0,1,-360,360,0.060275],
[42,41,0.14905,0.025026,0,1.0046,0,0,0,0,1,-360,360,0.060275],
[42,43,0.074605,0.01426,0,1.0739,0,0,0,0,1,-360,360,0.064432],
[5,44,0.13537,0.022557,0,1.0046,0,0,0,0,1,-360,360,0.060275],
[44,22,0.10167,0.016545,0,0.96995,0,0,0,0,0,-360,360,0.058197],
[22,45,0.18395,0.030653,0,1.0046,0,0,0,0,1,-360,360,0.060275],
[5,46,0.042744,0.013009,0,1.4203,0,0,0,0,1,-360,360,0.085217],
[23,46,0.052678,0.016032,0,1.4203,0,0,0,0,0,-360,360,0.085217],
[5,47,0.50668,0.1542,0,1.4203,0,0,0,0,1,-360,360,0.085217],
[5,48,0.26369,0.080252,0,1.4203,0,0,0,0,1,-360,360,0.085217],
[49,48,0.074256,0.022599,0,1.4203,0,0,0,0,1,-360,360,0.085217],
[50,49,0.099856,0.03039,0,1.4203,0,0,0,0,1,-360,360,0.085217],
[51,50,0.14571,0.044346,0,1.4203,0,0,0,0,1,-360,360,0.085217],
[52,51,0.075567,0.022998,0,1.4203,0,0,0,0,1,-360,360,0.085217],
[52,17,0.1074,0.033507,0,1.4203,0,0,0,0,0,-360,360,0.085217],
[49,53,0.10984,0.018303,0,1.0046,0,0,0,0,1,-360,360,0.060275],
[53,54,0.24492,0.024365,0,0.69282,0,0,0,0,1,-360,360,0.041569],
[55,48,0.41642,0.041427,0,0.69282,0,0,0,0,1,-360,360,0.041569],
[5,56,0.0834,0.025382,0,1.4203,0,0,0,0,1,-360,360,0.085217],
[56,57,0.11489,0.018637,0,0.96995,0,0,0,0,1,-360,360,0.058197],
[57,58,0.15733,0.025462,0,0.96995,0,0,0,0,1,-360,360,0.058197],
[59,58,0.55796,0.055508,0,0.69282,0,0,0,0,1,-360,360,0.041569],
[57,25,0.2191,0.046946,0,0.96995,0,0,0,0,0,-360,360,0.058197],
[60,2,0.084022,0.046676,0,2.0785,0,0,0,0,1,-360,360,0.12471],
[61,60,0.030443,0.016912,0,2.0785,0,0,0,0,1,-360,360,0.12471],
[62,61,0.022761,0.012644,0,2.0785,0,0,0,0,1,-360,360,0.12471],
[63,2,0.050246,0.027791,0,1.8013,0,0,0,0,1,-360,360,0.10808],
[64,63,0.090604,0.049271,0,1.0739,0,0,0,0,1,-360,360,0.064432],
[65,64,0.036737,0.016808,0,1.836,0,0,0,0,1,-360,360,0.11016],
[65,66,0.028608,0.014436,0,1.8013,0,0,0,0,1,-360,360,0.10808],
[67,66,0.16535,0.035578,0,1.0392,0,0,0,0,0,-360,360,0.062354],
[68,67,0.14267,0.030716,0,1.0392,0,0,0,0,1,-360,360,0.062354],
[64,69,0.064307,0.035724,0,2.0785,0,0,0,0,1,-360,360,0.12471],
[62,69,0.079568,0.044202,0,2.0785,0,0,0,0,0,-360,360,0.12471],
[69,70,0.054619,0.025386,0,1.8013,0,0,0,0,1,-360,360,0.10808],
[70,71,0.025357,0.011399,0,1.8013,0,0,0,0,1,-360,360,0.10808],
[72,2,0.0066483,0.0036933,0,8.3138,0,0,0,0,1,-360,360,0.49883],
[73,74,0.050231,0.027904,0,2.0785,0,0,0,0,1,-360,360,0.12471],
[74,2,0.025733,0.014295,0,2.0785,0,0,0,0,1,-360,360,0.12471],
[75,73,0.012142,0.0068884,0,2.0785,0,0,0,0,0,-360,360,0.12471],
[72,76,0.049058,0.027253,0,2.0785,0,0,0,0,1,-360,360,0.12471],
[75,76,0.048884,0.027445,0,2.0785,0,0,0,0,1,-360,360,0.12471],
[77,2,0.57445,0.10579,0,0.83138,0,0,0,0,1,-360,360,0.049883],
[75,77,0.22254,0.036927,0,0.96995,0,0,0,0,0,-360,360,0.058197],
[75,78,0.64703,0.13944,0,0.96995,0,0,0,0,1,-360,360,0.058197],
[78,79,0.23828,0.039369,0,0.96995,0,0,0,0,1,-360,360,0.058197],
[80,79,0.24736,0.046012,0,0.96995,0,0,0,0,1,-360,360,0.058197],
[81,2,0.046489,0.025826,0,4.1569,0,0,0,0,1,-360,360,0.24942],
[77,82,0.1544,0.024971,0,0.96995,0,0,0,0,1,-360,360,0.058197],
[83,3,0.071802,0.037281,0,1.8013,0,0,0,0,1,-360,360,0.10808],
[83,84,0.14563,0.03976,0,1.2124,0,0,0,0,1,-360,360,0.072746],
[84,85,0.0665,0.020239,0,1.4203,0,0,0,0,1,-360,360,0.085217],
[86,85,0.14211,0.027163,0,1.0739,0,0,0,0,1,-360,360,0.064432],
[87,85,0.10896,0.03316,0,1.4203,0,0,0,0,1,-360,360,0.085217],
[87,88,0.17458,0.031018,0,1.0046,0,0,0,0,1,-360,360,0.060275],
[88,89,0.20298,0.033824,0,1.0046,0,0,0,0,1,-360,360,0.060275],
[90,87,0.030889,0.0094008,0,1.4203,0,0,0,0,1,-360,360,0.085217],
[91,90,0.089867,0.02735,0,1.4203,0,0,0,0,1,-360,360,0.085217],
[91,92,0.13942,0.026614,0,1.0046,0,0,0,0,1,-360,360,0.060275],
[93,91,0.069133,0.02104,0,1.4203,0,0,0,0,1,-360,360,0.085217],
[93,94,0.089667,0.027289,0,1.4203,0,0,0,0,1,-360,360,0.085217],
[95,94,0.085978,0.026167,0,1.4203,0,0,0,0,1,-360,360,0.085217],
[96,95,0.15538,0.047288,0,1.4203,0,0,0,0,1,-360,360,0.085217],
[97,96,0.25342,0.025211,0,0.69282,0,0,0,0,1,-360,360,0.041569],
[98,96,0.12911,0.021515,0,1.0046,0,0,0,0,1,-360,360,0.060275],
[99,98,0.20494,0.034151,0,1.0046,0,0,0,0,1,-360,360,0.060275],
[99,100,0.33042,0.032871,0,0.69282,0,0,0,0,1,-360,360,0.041569],
[84,101,0.18618,0.030112,0,0.96995,0,0,0,0,1,-360,360,0.058197],
[101,102,0.16846,0.027255,0,0.96995,0,0,0,0,1,-360,360,0.058197],
[103,102,0.14308,0.043545,0,1.4203,0,0,0,0,1,-360,360,0.085217],
[104,103,0.36238,0.03605,0,0.69282,0,0,0,0,1,-360,360,0.041569],
[103,105,0.12208,0.067923,0,2.0785,0,0,0,0,1,-360,360,0.12471],
[106,105,0.1537,0.026831,0,1.0046,0,0,0,0,1,-360,360,0.060275],
[105,107,0.06553,0.015647,0,1.2124,0,0,0,0,1,-360,360,0.072746],
[107,108,0.087891,0.019427,0,1.2124,0,0,0,0,1,-360,360,0.072746],
[109,3,0.35338,0.1777,0,1.8013,0,0,0,0,1,-360,360,0.10808],
[109,110,0.22149,0.067408,0,1.4203,0,0,0,0,1,-360,360,0.085217],
[111,110,0.078589,0.023918,0,1.4203,0,0,0,0,1,-360,360,0.085217],
[111,112,0.10818,0.032923,0,1.4203,0,0,0,0,1,-360,360,0.085217],
[112,113,0.10592,0.032237,0,1.4203,0,0,0,0,1,-360,360,0.085217],
[114,113,0.10043,0.031636,0,1.4203,0,0,0,0,1,-360,360,0.085217],
[114,115,0.10861,0.034104,0,1.0739,0,0,0,0,1,-360,360,0.064432],
[115,116,0.12911,0.021515,0,1.0046,0,0,0,0,1,-360,360,0.060275],
[115,117,0.093467,0.028446,0,1.4203,0,0,0,0,1,-360,360,0.085217],
[117,118,0.038956,0.011856,0,1.4203,0,0,0,0,1,-360,360,0.085217],
[119,118,0.11923,0.024668,0,1.0739,0,0,0,0,1,-360,360,0.064432],
[119,120,0.13537,0.027552,0,1.0739,0,0,0,0,1,-360,360,0.064432],
[121,120,0.25912,0.078862,0,1.4203,0,0,0,0,1,-360,360,0.085217],
[122,121,0.17948,0.029908,0,1.0046,0,0,0,0,1,-360,360,0.060275],
[114,123,0.064567,0.012342,0,1.0739,0,0,0,0,1,-360,360,0.064432],
[113,124,0.088722,0.027002,0,1.4203,0,0,0,0,1,-360,360,0.085217],
[124,125,0.15556,0.047342,0,1.4203,0,0,0,0,1,-360,360,0.085217],
[125,126,0.11299,0.034387,0,1.4203,0,0,0,0,1,-360,360,0.085217],
[127,126,0.13678,0.030226,0,0.96995,0,0,0,0,1,-360,360,0.058197],
[128,127,0.088768,0.019175,0,0.96995,0,0,0,0,1,-360,360,0.058197],
[128,129,0.016311,0.005925,0,1.6281,0,0,0,0,1,-360,360,0.097688],
[80,110,0.2206,0.067138,0,1.4203,0,0,0,0,0,-360,360,0.085217],
[80,130,0.42942,0.04272,0,0.69282,0,0,0,0,1,-360,360,0.041569],
[131,109,0.32602,0.053741,0,0.96995,0,0,0,0,1,-360,360,0.058197],
[132,3,0.14279,0.068693,0,1.8013,0,0,0,0,1,-360,360,0.10808],
[133,132,0.077233,0.023505,0,1.4203,0,0,0,0,1,-360,360,0.085217],
[133,134,0.1178,0.035851,0,1.4203,0,0,0,0,1,-360,360,0.085217],
[134,135,0.089678,0.027293,0,1.4203,0,0,0,0,1,-360,360,0.085217],
[135,136,0.084344,0.02567,0,1.4203,0,0,0,0,1,-360,360,0.085217],
[137,136,0.11442,0.034823,0,1.4203,0,0,0,0,1,-360,360,0.085217],
[137,138,0.095367,0.029024,0,1.4203,0,0,0,0,1,-360,360,0.085217],
[138,139,0.0683,0.020911,0,1.4203,0,0,0,0,1,-360,360,0.085217],
[139,140,0.14217,0.044101,0,1.4203,0,0,0,0,1,-360,360,0.085217],
[140,141,0.13792,0.041975,0,1.4203,0,0,0,0,1,-360,360,0.085217],
[142,141,0.093589,0.028483,0,1.4203,0,0,0,0,1,-360,360,0.085217],
[142,143,0.098411,0.029951,0,1.4203,0,0,0,0,1,-360,360,0.085217],
[143,95,0.14521,0.044194,0,1.4203,0,0,0,0,0,-360,360,0.085217],
[144,142,0.16835,0.028054,0,1.0046,0,0,0,0,1,-360,360,0.060275],
[145,144,0.33308,0.033136,0,0.69282,0,0,0,0,1,-360,360,0.041569],
[146,142,0.10678,0.032497,0,1.4203,0,0,0,0,1,-360,360,0.085217],
[147,146,0.096511,0.029372,0,1.4203,0,0,0,0,1,-360,360,0.085217],
[146,148,0.35263,0.03508,0,0.69282,0,0,0,0,1,-360,360,0.041569],
[141,149,0.064778,0.019715,0,1.4203,0,0,0,0,1,-360,360,0.085217],
[150,149,0.11924,0.036291,0,1.4203,0,0,0,0,1,-360,360,0.085217],
[150,151,0.16806,0.028005,0,1.0046,0,0,0,0,1,-360,360,0.060275],
[150,152,0.088344,0.026887,0,1.4203,0,0,0,0,0,-360,360,0.085217],
[152,153,0.12816,0.039003,0,1.4203,0,0,0,0,1,-360,360,0.085217],
[153,154,0.016778,0.0089287,0,0.83138,0,0,0,0,1,-360,360,0.049883],
[155,153,0.12063,0.064192,0,0.83138,0,0,0,0,1,-360,360,0.049883],
[156,153,0.096222,0.029284,0,1.4203,0,0,0,0,1,-360,360,0.085217],
[156,157,0.016274,0.010763,0,1.0739,0,0,0,0,1,-360,360,0.064432],
[158,156,0.11189,0.074,0,1.0739,0,0,0,0,1,-360,360,0.064432],
[158,159,0.056622,0.0094352,0,1.0046,0,0,0,0,1,-360,360,0.060275],
[158,160,0.090422,0.059804,0,1.0739,0,0,0,0,1,-360,360,0.064432],
[161,159,0.51504,0.051238,0,0.69282,0,0,0,0,1,-360,360,0.041569],
[162,161,0.14133,0.023551,0,1.0046,0,0,0,0,1,-360,360,0.060275],
[160,163,0.022489,0.022702,0,1.4549,0,0,0,0,1,-360,360,0.087295],
[160,147,0.059341,0.039665,0,1.4203,0,0,0,0,1,-360,360,0.085217],
[155,164,0.10282,0.054716,0,0.83138,0,0,0,0,1,-360,360,0.049883],
[155,165,0.15493,0.082447,0,0.83138,0,0,0,0,1,-360,360,0.049883],
[166,136,0.24938,0.024809,0,0.69282,0,0,0,0,1,-360,360,0.041569],
[167,3,0.042019,0.023343,0,2.0785,0,0,0,0,1,-360,360,0.12471],
[168,167,0.0206,0.0092257,0,1.8013,0,0,0,0,1,-360,360,0.10808],
[169,168,0.0568,0.025753,0,1.8013,0,0,0,0,1,-360,360,0.10808],
[169,170,0.060434,0.027242,0,1.8013,0,0,0,0,1,-360,360,0.10808],
[170,171,0.074968,0.033728,0,1.8013,0,0,0,0,1,-360,360,0.10808],
[172,3,0.1832,0.12432,0,4.7112,0,0,0,0,1,-360,360,0.28267],
[173,172,0.064433,0.01961,0,1.4203,0,0,0,0,1,-360,360,0.085217],
[174,172,0.067289,0.020479,0,1.4203,0,0,0,0,1,-360,360,0.085217],
[175,172,0.032944,0.010026,0,1.4203,0,0,0,0,1,-360,360,0.085217],
[176,172,0.0011111,0.00033816,0,1.4203,0,0,0,0,1,-360,360,0.085217],
[177,172,0.034911,0.010625,0,1.4203,0,0,0,0,1,-360,360,0.085217],
[178,3,0.4003,0.17365,0,1.5242,0,0,0,0,1,-360,360,0.091452],
[179,178,0.086706,0.039369,0,1.8013,0,0,0,0,1,-360,360,0.10808],
[179,180,0.052425,0.01969,0,1.4203,0,0,0,0,0,-360,360,0.085217],
[179,181,0.045056,0.013712,0,1.4203,0,0,0,0,1,-360,360,0.085217],
[181,182,0.043316,0.018144,0,1.4203,0,0,0,0,1,-360,360,0.085217],
[182,183,0.11978,0.036453,0,1.4203,0,0,0,0,1,-360,360,0.085217],
[183,184,0.10799,0.032866,0,1.4203,0,0,0,0,1,-360,360,0.085217],
[184,185,0.077922,0.023715,0,1.4203,0,0,0,0,1,-360,360,0.085217],
[186,185,0.14266,0.043416,0,1.4203,0,0,0,0,1,-360,360,0.085217],
[186,187,0.22224,0.036331,0,0.96995,0,0,0,0,1,-360,360,0.058197],
[187,188,0.070722,0.021524,0,1.4203,0,0,0,0,1,-360,360,0.085217],
[189,188,0.088978,0.02708,0,1.4203,0,0,0,0,1,-360,360,0.085217],
[189,190,0.10018,0.030488,0,1.4203,0,0,0,0,1,-360,360,0.085217],
[191,190,0.21024,0.056132,0,1.0739,0,0,0,0,1,-360,360,0.064432],
[191,192,0.13367,0.04068,0,1.4203,0,0,0,0,1,-360,360,0.085217],
[121,192,0.12646,0.024173,0,1.0739,0,0,0,0,0,-360,360,0.064432],
[189,193,0.10087,0.030698,0,1.4203,0,0,0,0,1,-360,360,0.085217],
[193,194,0.16795,0.028136,0,1.0046,0,0,0,0,1,-360,360,0.060275],
[185,129,0.10475,0.02157,0,0.96995,0,0,0,0,0,-360,360,0.058197],
[195,129,0.04053,0.0067538,0,1.0046,0,0,0,0,1,-360,360,0.060275],
[196,184,0.092678,0.019312,0,1.0739,0,0,0,0,1,-360,360,0.064432],
[197,178,0.11959,0.036396,0,1.4203,0,0,0,0,1,-360,360,0.085217],
[198,197,0.1199,0.036491,0,1.4203,0,0,0,0,1,-360,360,0.085217],
[198,199,0.070244,0.021378,0,1.4203,0,0,0,0,1,-360,360,0.085217],
[200,199,0.095111,0.028946,0,1.4203,0,0,0,0,1,-360,360,0.085217],
[200,201,0.33092,0.032921,0,0.69282,0,0,0,0,1,-360,360,0.041569],
[202,200,0.014133,0.0043014,0,1.4203,0,0,0,0,1,-360,360,0.085217],
[202,203,0.0498,0.050271,0,1.4549,0,0,0,0,1,-360,360,0.087295],
[202,204,0.33178,0.21212,0,1.1432,0,0,0,0,1,-360,360,0.068589],
[204,205,0.028548,0.028818,0,1.4549,0,0,0,0,1,-360,360,0.087295],
[204,206,0.028895,0.029168,0,1.4549,0,0,0,0,1,-360,360,0.087295],
[207,208,0.046747,0.047189,0,1.4549,0,0,0,0,1,-360,360,0.087295],
[207,209,0.055325,0.02752,0,1.1432,0,0,0,0,1,-360,360,0.068589],
[209,210,0.11437,0.038298,0,1.1432,0,0,0,0,1,-360,360,0.068589],
[210,152,0.088378,0.026941,0,1.4203,0,0,0,0,1,-360,360,0.085217],
[211,3,0.056831,0.031571,0,2.0785,0,0,0,0,1,-360,360,0.12471],
[212,211,0.014515,0.0080635,0,2.0785,0,0,0,0,1,-360,360,0.12471],
[212,213,0.056996,0.02716,0,1.8013,0,0,0,0,1,-360,360,0.10808],
[213,214,0.099466,0.035917,0,1.4203,0,0,0,0,0,-360,360,0.085217],
[213,215,0.027502,0.012583,0,1.836,0,0,0,0,1,-360,360,0.11016],
[213,216,0.011173,0.0049412,0,1.8013,0,0,0,0,1,-360,360,0.10808],
[37,216,0.046779,0.015592,0,1.2124,0,0,0,0,0,-360,360,0.072746],
[217,37,0.0096165,0.0048526,0,1.8013,0,0,0,0,1,-360,360,0.10808],
[218,3,0.03682,0.020455,0,2.0785,0,0,0,0,1,-360,360,0.12471],
[219,218,0.073535,0.03726,0,1.8013,0,0,0,0,1,-360,360,0.10808],
[219,215,0.025898,0.0083931,0,1.4203,0,0,0,0,0,-360,360,0.085217],
[218,220,0.037094,0.016405,0,1.8013,0,0,0,0,1,-360,360,0.10808],
[221,3,0.065284,0.034627,0,3.6027,0,0,0,0,1,-360,360,0.21616],
[221,216,0.011123,0.0049628,0,3.6027,0,0,0,0,0,-360,360,0.21616],
[222,216,0.038185,0.01988,0,3.6027,0,0,0,0,0,-360,360,0.21616],
[223,216,0.018383,0.0092513,0,2.0785,0,0,0,0,1,-360,360,0.12471],
[223,171,0.006366,0.0032038,0,2.0785,0,0,0,0,0,-360,360,0.12471],
[224,221,0.0358,0.0091193,0,1.0046,0,0,0,0,1,-360,360,0.060275],
[225,3,0.015398,0.0085539,0,2.0785,0,0,0,0,1,-360,360,0.12471],
[226,225,0.025084,0.013935,0,2.0785,0,0,0,0,1,-360,360,0.12471],
[226,227,0.07679,0.037982,0,1.8013,0,0,0,0,1,-360,360,0.10808],
[228,227,0.015509,0.0077174,0,1.8013,0,0,0,0,1,-360,360,0.10808],
[228,229,0.0098156,0.0051658,0,1.8013,0,0,0,0,1,-360,360,0.10808],
[229,35,0.08292,0.027093,0,1.4203,0,0,0,0,0,-360,360,0.085217],
[230,3,0.028289,0.012511,0,1.8013,0,0,0,0,1,-360,360,0.10808],
[230,231,0.035771,0.01582,0,1.8013,0,0,0,0,1,-360,360,0.10808],
[232,231,0.037129,0.019199,0,1.8013,0,0,0,0,1,-360,360,0.10808],
[233,3,0.045041,0.024899,0,1.8013,0,0,0,0,1,-360,360,0.10808],
[232,233,0.023016,0.012647,0,1.8013,0,0,0,0,0,-360,360,0.10808],
[234,232,0.016991,0.010035,0,1.8013,0,0,0,0,1,-360,360,0.10808],
[234,235,0.026628,0.015442,0,1.8013,0,0,0,0,1,-360,360,0.10808],
[236,237,0.039867,0.020248,0,1.8013,0,0,0,0,1,-360,360,0.10808],
[236,40,0.047473,0.024089,0,1.8013,0,0,0,0,0,-360,360,0.10808],
[81,3,0.052688,0.029269,0,4.1569,0,0,0,0,0,-360,360,0.24942],
[237,235,0.0024348,0.0011934,0,1.8013,0,0,0,0,1,-360,360,0.10808],
[238,2,0.059086,0.031778,0,1.8013,0,0,0,0,1,-360,360,0.10808],
[239,238,0.083746,0.042292,0,1.8013,0,0,0,0,1,-360,360,0.10808],
[240,239,0.038104,0.019228,0,1.8013,0,0,0,0,1,-360,360,0.10808],
[240,66,0.13946,0.0301,0,1.0392,0,0,0,0,0,-360,360,0.062354],
[240,241,0.10816,0.054567,0,1.8013,0,0,0,0,1,-360,360,0.10808],
[241,242,0.084024,0.038467,0,1.836,0,0,0,0,0,-360,360,0.11016],
[243,2,0.086636,0.044745,0,1.8013,0,0,0,0,1,-360,360,0.10808],
[244,243,0.059272,0.029611,0,1.8013,0,0,0,0,1,-360,360,0.10808],
[244,245,0.013073,0.0066955,0,1.8013,0,0,0,0,1,-360,360,0.10808],
[245,246,0.026757,0.012348,0,1.8013,0,0,0,0,1,-360,360,0.10808],
[214,246,0.07635,0.037389,0,1.8013,0,0,0,0,1,-360,360,0.10808],
[214,247,0.11959,0.019341,0,0.96995,0,0,0,0,1,-360,360,0.058197],
[247,248,0.065014,0.018564,0,0.96995,0,0,0,0,1,-360,360,0.058197],
[249,248,0.035611,0.010838,0,1.4203,0,0,0,0,0,-360,360,0.085217],
[247,249,0.11073,0.017909,0,0.96995,0,0,0,0,0,-360,360,0.058197],
[240,2,0.10572,0.05531,0,1.8013,0,0,0,0,0,-360,360,0.10808],
[68,240,0.034834,0.017577,0,1.8013,0,0,0,0,1,-360,360,0.10808],
[250,68,0.038314,0.018795,0,1.8013,0,0,0,0,1,-360,360,0.10808],
[250,251,0.034716,0.016992,0,1.8013,0,0,0,0,1,-360,360,0.10808],
[251,241,0.029017,0.014642,0,1.8013,0,0,0,0,0,-360,360,0.10808],
[241,252,0.028532,0.013069,0,1.836,0,0,0,0,1,-360,360,0.11016],
[252,253,0.021888,0.010014,0,1.836,0,0,0,0,1,-360,360,0.11016],
[253,242,0.036257,0.016597,0,1.836,0,0,0,0,1,-360,360,0.11016],
[253,254,0.043639,0.0193,0,1.8013,0,0,0,0,1,-360,360,0.10808],
[249,254,0.040957,0.018114,0,1.8013,0,0,0,0,1,-360,360,0.10808],
[255,2,0.26985,0.14991,0,2.0785,0,0,0,0,1,-360,360,0.12471],
[256,255,0.027322,0.015178,0,2.0785,0,0,0,0,1,-360,360,0.12471],
[256,180,0.045713,0.020217,0,1.8013,0,0,0,0,1,-360,360,0.10808],
[256,257,0.043181,0.023988,0,2.0785,0,0,0,0,1,-360,360,0.12471],
[258,2,0.33721,0.17722,0,1.836,0,0,0,0,1,-360,360,0.11016],
[259,258,0.036265,0.016587,0,1.8013,0,0,0,0,1,-360,360,0.10808],
[241,259,0.079918,0.036564,0,1.836,0,0,0,0,0,-360,360,0.11016],
[260,2,0.148,0.079977,0,1.836,0,0,0,0,1,-360,360,0.11016],
[260,261,0.13644,0.065527,0,1.836,0,0,0,0,1,-360,360,0.11016],
[222,2,0.036222,0.020122,0,4.1569,0,0,0,0,1,-360,360,0.24942],
[241,261,0.043425,0.019867,0,1.836,0,0,0,0,0,-360,360,0.11016],
[262,2,0.12354,0.068378,0,1.836,0,0,0,0,1,-360,360,0.11016],
[262,257,0.065157,0.035961,0,1.836,0,0,0,0,0,-360,360,0.11016],
[263,257,0.051089,0.028254,0,2.0785,0,0,0,0,1,-360,360,0.12471],
[263,264,0.015121,0.006838,0,1.8013,0,0,0,0,1,-360,360,0.10808],
[265,264,0.018604,0.008228,0,1.8013,0,0,0,0,1,-360,360,0.10808],
[264,180,0.05037,0.022277,0,1.8013,0,0,0,0,0,-360,360,0.10808],
[266,3,0.12243,0.068011,0,8.3138,0,0,0,0,1,-360,360,0.49883],
[266,267,0.1333,0.07405,0,4.1569,0,0,0,0,1,-360,360,0.24942],
[267,268,0.19493,0.059326,0,1.4203,0,0,0,0,1,-360,360,0.085217],
[269,268,0.028144,0.0085655,0,1.4203,0,0,0,0,1,-360,360,0.085217],
[269,270,0.23333,0.057163,0,1.0046,0,0,0,0,1,-360,360,0.060275],
[271,270,0.10412,0.019587,0,1.0046,0,0,0,0,1,-360,360,0.060275],
[272,270,0.11159,0.033961,0,1.4203,0,0,0,0,1,-360,360,0.085217],
[273,272,0.11073,0.082747,0,1.4203,0,0,0,0,1,-360,360,0.085217],
[273,274,0.0070647,0.0071315,0,1.4549,0,0,0,0,1,-360,360,0.087295],
[273,275,0.070786,0.071455,0,1.4549,0,0,0,0,1,-360,360,0.087295],
[275,276,0.011782,0.011894,0,1.4549,0,0,0,0,1,-360,360,0.087295],
[275,277,0.030873,0.047109,0,1.9053,0,0,0,0,1,-360,360,0.11432],
[276,278,0.041267,0.041657,0,1.4549,0,0,0,0,1,-360,360,0.087295],
[276,279,0.014384,0.01452,0,1.4549,0,0,0,0,1,-360,360,0.087295],
[278,280,0.01295,0.013073,0,1.4549,0,0,0,0,1,-360,360,0.087295],
[280,281,0.047187,0.047633,0,1.4549,0,0,0,0,1,-360,360,0.087295],
[280,282,0.11206,0.11312,0,1.4549,0,0,0,0,1,-360,360,0.087295],
[281,283,0.03331,0.024643,0,1.0739,0,0,0,0,1,-360,360,0.064432],
[281,284,0.025912,0.026157,0,1.4549,0,0,0,0,1,-360,360,0.087295],
[282,285,0.029023,0.0055475,0,1.0739,0,0,0,0,1,-360,360,0.064432],
[282,286,0.24865,0.16446,0,1.0739,0,0,0,0,1,-360,360,0.064432],
[287,286,0.079524,0.012862,0,0.96995,0,0,0,0,1,-360,360,0.058197],
[288,286,0.12419,0.020283,0,0.96995,0,0,0,0,1,-360,360,0.058197],
[278,289,0.025645,0.039132,0,1.9053,0,0,0,0,1,-360,360,0.11432],
[277,290,0.021722,0.033146,0,1.9053,0,0,0,0,1,-360,360,0.11432],
[277,291,0.052598,0.053095,0,1.4549,0,0,0,0,1,-360,360,0.087295],
[272,292,0.12081,0.036768,0,1.4203,0,0,0,0,1,-360,360,0.085217],
[293,292,0.16849,0.051278,0,1.4203,0,0,0,0,1,-360,360,0.085217],
[293,294,0.11156,0.033951,0,1.4203,0,0,0,0,0,-360,360,0.085217],
[294,295,0.017193,0.017356,0,1.4549,0,0,0,0,1,-360,360,0.087295],
[294,296,0.066022,0.066646,0,1.4549,0,0,0,0,1,-360,360,0.087295],
[296,297,0.049857,0.050329,0,1.4549,0,0,0,0,1,-360,360,0.087295],
[296,298,0.018858,0.019037,0,1.4549,0,0,0,0,1,-360,360,0.087295],
[298,299,0.0096778,0.0097694,0,1.4549,0,0,0,0,1,-360,360,0.087295],
[298,300,0.097656,0.029721,0,1.4203,0,0,0,0,1,-360,360,0.085217],
[293,301,0.1016,0.019421,0,1.0739,0,0,0,0,1,-360,360,0.064432],
[293,302,0.10905,0.10679,0,1.0739,0,0,0,0,1,-360,360,0.064432],
[303,302,0.060946,0.061523,0,1.4549,0,0,0,0,1,-360,360,0.087295],
[303,304,0.019645,0.019831,0,1.4549,0,0,0,0,1,-360,360,0.087295],
[303,305,0.20477,0.028273,0,0.69282,0,0,0,0,1,-360,360,0.041569],
[303,306,0.1256,0.083743,0,1.4203,0,0,0,0,1,-360,360,0.085217],
[307,306,0.086322,0.026271,0,1.4203,0,0,0,0,0,-360,360,0.085217],
[267,307,0.16489,0.050183,0,1.4203,0,0,0,0,1,-360,360,0.085217],
[308,307,0.13848,0.042145,0,1.4203,0,0,0,0,1,-360,360,0.085217],
[309,308,0.19987,0.033378,0,1.0046,0,0,0,0,1,-360,360,0.060275],
[310,308,0.089978,0.027384,0,1.4203,0,0,0,0,1,-360,360,0.085217],
[310,311,0.49921,0.049663,0,0.69282,0,0,0,0,1,-360,360,0.041569],
[312,310,0.1403,0.042699,0,1.4203,0,0,0,0,1,-360,360,0.085217],
[313,312,0.32338,0.032171,0,0.69282,0,0,0,0,1,-360,360,0.041569],
[314,312,0.088689,0.026992,0,1.4203,0,0,0,0,1,-360,360,0.085217],
[314,315,0.16324,0.049682,0,1.4203,0,0,0,0,1,-360,360,0.085217],
[310,316,0.19419,0.0591,0,1.4203,0,0,0,0,1,-360,360,0.085217],
[317,316,0.047789,0.014544,0,1.4203,0,0,0,0,1,-360,360,0.085217],
[318,317,0.093156,0.028351,0,1.4203,0,0,0,0,1,-360,360,0.085217],
[319,318,0.15294,0.032796,0,0.96995,0,0,0,0,1,-360,360,0.058197],
[320,319,0.39883,0.039677,0,0.69282,0,0,0,0,1,-360,360,0.041569],
[319,321,0.053344,0.016235,0,1.4203,0,0,0,0,1,-360,360,0.085217],
[322,321,0.12469,0.037948,0,1.4203,0,0,0,0,1,-360,360,0.085217],
[323,322,0.11158,0.033958,0,1.4203,0,0,0,0,1,-360,360,0.085217],
[324,323,0.10002,0.030441,0,1.4203,0,0,0,0,1,-360,360,0.085217],
[300,324,0.10123,0.03081,0,1.4203,0,0,0,0,1,-360,360,0.085217],
[325,300,0.34025,0.033849,0,0.69282,0,0,0,0,1,-360,360,0.041569],
[316,326,0.37638,0.037443,0,0.69282,0,0,0,0,1,-360,360,0.041569],
[266,327,0.076761,0.042643,0,2.0785,0,0,0,0,1,-360,360,0.12471],
[328,327,0.081011,0.024655,0,1.4203,0,0,0,0,1,-360,360,0.085217],
[329,328,0.067911,0.020668,0,1.4203,0,0,0,0,1,-360,360,0.085217],
[330,329,0.084367,0.025676,0,1.4203,0,0,0,0,1,-360,360,0.085217],
[331,330,0.081256,0.024729,0,1.4203,0,0,0,0,1,-360,360,0.085217],
[332,331,0.10529,0.032044,0,1.4203,0,0,0,0,1,-360,360,0.085217],
[332,333,0.18812,0.018715,0,0.69282,0,0,0,0,1,-360,360,0.041569],
[332,334,0.13356,0.1212,0,1.4203,0,0,0,0,1,-360,360,0.085217],
[334,335,0.048794,0.015127,0,1.0046,0,0,0,0,1,-360,360,0.060275],
[334,336,0.1378,0.091141,0,1.0739,0,0,0,0,1,-360,360,0.064432],
[336,337,0.034543,0.022846,0,1.0739,0,0,0,0,1,-360,360,0.064432],
[336,338,0.056867,0.017307,0,1.4203,0,0,0,0,1,-360,360,0.085217],
[338,339,0.031478,0.00958,0,1.4203,0,0,0,0,1,-360,360,0.085217],
[339,340,0.072532,0.073218,0,1.4549,0,0,0,0,1,-360,360,0.087295],
[339,341,0.11929,0.10381,0,1.4203,0,0,0,0,1,-360,360,0.085217],
[341,342,0.030999,0.031292,0,1.4549,0,0,0,0,1,-360,360,0.087295],
[341,343,0.041949,0.042346,0,1.4549,0,0,0,0,1,-360,360,0.087295],
[340,344,0.10846,0.10948,0,1.4549,0,0,0,0,1,-360,360,0.087295],
[344,345,0.049846,0.050318,0,1.4549,0,0,0,0,1,-360,360,0.087295],
[344,346,0.10105,0.016467,0,0.96995,0,0,0,0,1,-360,360,0.058197],
[345,347,0.013806,0.013936,0,1.4549,0,0,0,0,1,-360,360,0.087295],
[345,348,0.12315,0.043545,0,1.4203,0,0,0,0,1,-360,360,0.085217],
[340,349,0.026156,0.0079723,0,1.4203,0,0,0,0,1,-360,360,0.085217],
[329,350,0.27592,0.027449,0,0.69282,0,0,0,0,1,-360,360,0.041569],
[328,351,0.24713,0.024585,0,0.69282,0,0,0,0,1,-360,360,0.041569],
[266,352,0.042919,0.023843,0,2.0785,0,0,0,0,1,-360,360,0.12471],
[353,352,0.043993,0.024333,0,1.8013,0,0,0,0,1,-360,360,0.10808],
[354,353,0.099856,0.030626,0,1.4203,0,0,0,0,1,-360,360,0.085217],
[354,355,0.025389,0.0079621,0,1.4203,0,0,0,0,1,-360,360,0.085217],
[355,356,0.077269,0.029023,0,1.0739,0,0,0,0,1,-360,360,0.064432],
[356,357,0.20617,0.13636,0,1.0739,0,0,0,0,1,-360,360,0.064432],
[357,358,0.13846,0.023073,0,1.0046,0,0,0,0,1,-360,360,0.060275],
[357,359,0.016182,0.010702,0,1.0739,0,0,0,0,1,-360,360,0.064432],
[359,360,0.19599,0.10858,0,0.96995,0,0,0,0,1,-360,360,0.058197],
[359,361,0.10138,0.067049,0,1.0739,0,0,0,0,1,-360,360,0.064432],
[361,362,0.098096,0.099024,0,1.4549,0,0,0,0,1,-360,360,0.087295],
[362,363,0.11065,0.073182,0,1.0739,0,0,0,0,1,-360,360,0.064432],
[363,364,0.021317,0.014099,0,1.0739,0,0,0,0,1,-360,360,0.064432],
[363,365,0.090833,0.0090364,0,0.69282,0,0,0,0,1,-360,360,0.041569],
[364,366,0.22686,0.15004,0,1.0739,0,0,0,0,1,-360,360,0.064432],
[366,367,0.019765,0.013073,0,1.0739,0,0,0,0,1,-360,360,0.064432],
[366,368,0.076556,0.025885,0,1.4203,0,0,0,0,1,-360,360,0.085217],
[362,369,0.030822,0.0094571,0,1.4203,0,0,0,0,1,-360,360,0.085217],
[369,370,0.048411,0.014999,0,1.4203,0,0,0,0,1,-360,360,0.085217],
[370,371,0.046167,0.014103,0,1.4203,0,0,0,0,1,-360,360,0.085217],
[372,371,0.061744,0.018844,0,1.4203,0,0,0,0,1,-360,360,0.085217],
[372,373,0.080422,0.024476,0,1.4203,0,0,0,0,1,-360,360,0.085217],
[373,374,0.10593,0.03224,0,1.4203,0,0,0,0,1,-360,360,0.085217],
[375,374,0.094726,0.015785,0,1.0046,0,0,0,0,1,-360,360,0.060275],
[372,376,0.097953,0.016323,0,1.0046,0,0,0,0,1,-360,360,0.060275],
[372,377,0.071844,0.022608,0,1.4203,0,0,0,0,1,-360,360,0.085217],
[377,378,0.068322,0.021809,0,1.0739,0,0,0,0,1,-360,360,0.064432],
[379,3,0.075624,0.04132,0,1.8013,0,0,0,0,1,-360,360,0.10808],
[380,379,0.066653,0.036343,0,1.8013,0,0,0,0,1,-360,360,0.10808],
[381,380,0.052733,0.027909,0,2.0785,0,0,0,0,1,-360,360,0.12471],
[381,382,0.035044,0.01273,0,1.6281,0,0,0,0,1,-360,360,0.097688],
[383,381,0.083803,0.045171,0,1.8013,0,0,0,0,1,-360,360,0.10808],
[383,384,0.020672,0.031544,0,1.9053,0,0,0,0,1,-360,360,0.11432],
[383,385,0.17135,0.11333,0,1.0739,0,0,0,0,1,-360,360,0.064432],
[384,386,0.063387,0.031455,0,1.0739,0,0,0,0,1,-360,360,0.064432],
[384,387,0.008626,0.013163,0,1.9053,0,0,0,0,1,-360,360,0.11432],
[387,388,0.074922,0.11432,0,1.9053,0,0,0,0,1,-360,360,0.11432],
[388,389,0.062366,0.095165,0,1.9053,0,0,0,0,1,-360,360,0.11432],
[389,390,0.056608,0.010115,0,1.0046,0,0,0,0,1,-360,360,0.060275],
[390,391,0.075362,0.012563,0,1.0046,0,0,0,0,1,-360,360,0.060275],
[389,392,0.11576,0.17664,0,1.9053,0,0,0,0,1,-360,360,0.11432],
[392,393,0.063168,0.096389,0,1.9053,0,0,0,0,1,-360,360,0.11432],
[393,394,0.060387,0.046429,0,1.8013,0,0,0,0,1,-360,360,0.10808],
[394,395,0.031383,0.047888,0,1.9053,0,0,0,0,1,-360,360,0.11432],
[394,396,0.0065479,0.0099916,0,1.9053,0,0,0,0,1,-360,360,0.11432],
[395,397,0.01241,0.018937,0,1.9053,0,0,0,0,1,-360,360,0.11432],
[397,398,0.041278,0.062987,0,1.9053,0,0,0,0,1,-360,360,0.11432],
[397,399,0.065835,0.043542,0,1.0739,0,0,0,0,1,-360,360,0.064432],
[399,400,0.3501,0.043686,0,0.69282,0,0,0,0,1,-360,360,0.041569],
[398,401,0.065927,0.043604,0,1.0739,0,0,0,0,1,-360,360,0.064432],
[398,402,0.02046,0.031221,0,1.9053,0,0,0,0,1,-360,360,0.11432],
[401,403,0.14514,0.095991,0,1.0739,0,0,0,0,1,-360,360,0.064432],
[401,404,0.0324,0.021429,0,1.0739,0,0,0,0,1,-360,360,0.064432],
[403,405,0.070102,0.046365,0,1.0739,0,0,0,0,1,-360,360,0.064432],
[403,406,0.057818,0.03824,0,1.0739,0,0,0,0,1,-360,360,0.064432],
[403,407,0.19629,0.12982,0,1.0739,0,0,0,0,1,-360,360,0.064432],
[402,408,0.021722,0.033146,0,1.9053,0,0,0,0,1,-360,360,0.11432],
[402,409,0.096443,0.063787,0,1.0739,0,0,0,0,1,-360,360,0.064432],
[402,410,0.053747,0.082013,0,1.9053,0,0,0,0,1,-360,360,0.11432],
[411,410,0.11611,0.035337,0,1.4203,0,0,0,0,1,-360,360,0.085217],
[410,412,0.031082,0.033099,0,1.9053,0,0,0,0,1,-360,360,0.11432],
[413,412,0.17758,0.017667,0,0.69282,0,0,0,0,1,-360,360,0.041569],
[414,412,0.0074667,0.0022724,0,1.4203,0,0,0,0,1,-360,360,0.085217],
[414,415,0.19188,0.058396,0,1.4203,0,0,0,0,1,-360,360,0.085217],
[415,416,0.16622,0.050588,0,1.4203,0,0,0,0,1,-360,360,0.085217],
[416,368,0.0761,0.02316,0,1.4203,0,0,0,0,0,-360,360,0.085217],
[368,417,0.20838,0.021275,0,0.69282,0,0,0,0,1,-360,360,0.041569],
[417,418,0.17743,0.029567,0,1.0046,0,0,0,0,1,-360,360,0.060275],
[415,419,0.34717,0.035446,0,0.69282,0,0,0,0,1,-360,360,0.041569],
[420,412,0.029344,0.0089307,0,1.4203,0,0,0,0,1,-360,360,0.085217],
[387,421,0.16044,0.048941,0,1.4203,0,0,0,0,1,-360,360,0.085217],
[421,422,0.043156,0.008249,0,1.0739,0,0,0,0,1,-360,360,0.064432],
[422,423,0.048253,0.0092232,0,1.0739,0,0,0,0,1,-360,360,0.064432],
[423,424,0.049633,0.009487,0,1.0739,0,0,0,0,1,-360,360,0.064432],
[421,425,0.26142,0.026243,0,0.69282,0,0,0,0,1,-360,360,0.041569],
[421,426,0.46245,0.046296,0,0.69282,0,0,0,0,1,-360,360,0.041569],
[385,427,0.017222,0.0052414,0,1.4203,0,0,0,0,1,-360,360,0.085217],
[385,428,0.11189,0.074,0,1.0739,0,0,0,0,1,-360,360,0.064432],
[379,429,0.10761,0.017932,0,1.0046,0,0,0,0,1,-360,360,0.060275],
[430,3,0.049621,0.027566,0,2.0785,0,0,0,0,1,-360,360,0.12471],
[431,430,0.050271,0.027927,0,2.0785,0,0,0,0,1,-360,360,0.12471],
[431,432,0.07343,0.032503,0,1.8013,0,0,0,0,1,-360,360,0.10808],
[432,433,0.059783,0.02644,0,1.8013,0,0,0,0,1,-360,360,0.10808],
[433,434,0.072887,0.032235,0,1.8013,0,0,0,0,1,-360,360,0.10808],
[434,435,0.093022,0.04114,0,1.8013,0,0,0,0,1,-360,360,0.10808],
[435,436,0.081924,0.054184,0,1.0739,0,0,0,0,1,-360,360,0.064432],
[435,437,0.020209,0.013366,0,1.0739,0,0,0,0,1,-360,360,0.064432],
[436,438,0.050281,0.033256,0,1.0739,0,0,0,0,1,-360,360,0.064432],
[436,439,0.10926,0.072265,0,1.0739,0,0,0,0,1,-360,360,0.064432],
[439,440,0.070102,0.046365,0,1.0739,0,0,0,0,1,-360,360,0.064432],
[439,441,0.063802,0.064405,0,1.4549,0,0,0,0,1,-360,360,0.087295],
[437,442,0.17244,0.11405,0,1.0739,0,0,0,0,1,-360,360,0.064432],
[443,434,0.28761,0.1272,0,1.8013,0,0,0,0,1,-360,360,0.10808],
[432,444,0.24387,0.046614,0,1.0739,0,0,0,0,1,-360,360,0.064432],
[445,431,0.0916,0.027878,0,1.4203,0,0,0,0,1,-360,360,0.085217],
[445,446,0.15876,0.048316,0,1.4203,0,0,0,0,1,-360,360,0.085217],
[431,447,0.16439,0.031422,0,1.0739,0,0,0,0,1,-360,360,0.064432],
[266,448,0.12492,0.050346,0,0.69282,0,0,0,0,1,-360,360,0.041569],
[448,449,0.2353,0.082597,0,0.69282,0,0,0,0,1,-360,360,0.041569],
[449,450,0.27794,0.097564,0,0.69282,0,0,0,0,1,-360,360,0.041569],
[450,451,0.069583,0.070241,0,1.4549,0,0,0,0,1,-360,360,0.087295],
[450,452,0.27024,0.094864,0,0.69282,0,0,0,0,1,-360,360,0.041569],
[451,453,0.056934,0.057472,0,1.4549,0,0,0,0,1,-360,360,0.087295],
[451,454,0.18434,0.022021,0,0.69282,0,0,0,0,1,-360,360,0.041569],
[452,455,0.038114,0.058158,0,1.9053,0,0,0,0,1,-360,360,0.11432],
[452,456,0.11955,0.041967,0,0.69282,0,0,0,0,1,-360,360,0.041569],
[266,457,0.19305,0.074223,0,0.69282,0,0,0,0,1,-360,360,0.041569],
[457,458,0.2293,0.15165,0,1.0739,0,0,0,0,1,-360,360,0.064432],
[458,459,0.0353,0.0067472,0,1.0739,0,0,0,0,1,-360,360,0.064432],
[458,460,0.10068,0.050078,0,1.1432,0,0,0,0,1,-360,360,0.068589],
[459,461,0.16791,0.027156,0,0.96995,0,0,0,0,1,-360,360,0.058197],
[462,461,0.12989,0.021611,0,0.96995,0,0,0,0,1,-360,360,0.058197],
[460,463,0.24354,0.039867,0,0.96995,0,0,0,0,1,-360,360,0.058197],
[460,464,0.026378,0.017446,0,1.0739,0,0,0,0,1,-360,360,0.064432],
[464,465,0.043484,0.02876,0,1.0739,0,0,0,0,1,-360,360,0.064432],
[465,466,0.11586,0.076627,0,1.0739,0,0,0,0,1,-360,360,0.064432],
[466,467,0.090791,0.060048,0,1.0739,0,0,0,0,1,-360,360,0.064432],
[467,468,0.094485,0.062492,0,1.0739,0,0,0,0,1,-360,360,0.064432],
[468,469,0.21276,0.14072,0,1.0739,0,0,0,0,1,-360,360,0.064432],
[469,470,0.13313,0.081177,0,1.0739,0,0,0,0,1,-360,360,0.064432],
[471,470,0.097167,0.029572,0,1.4203,0,0,0,0,1,-360,360,0.085217],
[108,471,0.16951,0.051589,0,1.4203,0,0,0,0,0,-360,360,0.085217],
[108,472,0.061042,0.052649,0,1.4203,0,0,0,0,1,-360,360,0.085217],
[472,473,0.21313,0.021202,0,0.69282,0,0,0,0,1,-360,360,0.041569],
[472,474,0.020292,0.020484,0,1.4549,0,0,0,0,1,-360,360,0.087295],
[474,475,0.10385,0.10484,0,1.4549,0,0,0,0,1,-360,360,0.087295],
[475,476,0.062738,0.063332,0,1.4549,0,0,0,0,1,-360,360,0.087295],
[476,477,0.099129,0.034906,0,1.4203,0,0,0,0,1,-360,360,0.085217],
[478,477,0.46987,0.046745,0,0.69282,0,0,0,0,1,-360,360,0.041569],
[477,479,0.085144,0.025913,0,1.4203,0,0,0,0,1,-360,360,0.085217],
[479,480,0.11063,0.03367,0,1.4203,0,0,0,0,1,-360,360,0.085217],
[480,481,0.083044,0.025274,0,1.4203,0,0,0,0,1,-360,360,0.085217],
[481,482,0.069489,0.021148,0,1.4203,0,0,0,0,1,-360,360,0.085217],
[483,482,0.27924,0.04551,0,0.96995,0,0,0,0,1,-360,360,0.058197],
[484,477,0.087756,0.026708,0,1.4203,0,0,0,0,1,-360,360,0.085217],
[485,484,0.22239,0.037059,0,1.0046,0,0,0,0,1,-360,360,0.060275],
[486,484,0.16626,0.027024,0,0.96995,0,0,0,0,1,-360,360,0.058197],
[487,486,0.27396,0.044624,0,0.96995,0,0,0,0,1,-360,360,0.058197],
[476,488,0.054679,0.055196,0,1.4549,0,0,0,0,1,-360,360,0.087295],
[488,489,0.09494,0.074748,0,1.0739,0,0,0,0,1,-360,360,0.064432],
[474,490,0.12913,0.13035,0,1.4549,0,0,0,0,1,-360,360,0.087295],
[490,491,0.054425,0.05494,0,1.4549,0,0,0,0,1,-360,360,0.087295],
[490,492,0.014442,0.014578,0,1.4549,0,0,0,0,1,-360,360,0.087295],
[493,471,0.092367,0.028111,0,1.4203,0,0,0,0,0,-360,360,0.085217],
[493,494,0.07968,0.01523,0,1.0739,0,0,0,0,1,-360,360,0.064432],
[493,495,0.16852,0.051288,0,1.4203,0,0,0,0,1,-360,360,0.085217],
[495,496,0.25915,0.035106,0,0.69282,0,0,0,0,1,-360,360,0.041569],
[480,495,0.16819,0.051187,0,1.4203,0,0,0,0,1,-360,360,0.085217],
[495,497,0.10168,0.030945,0,1.4203,0,0,0,0,1,-360,360,0.085217],
[498,497,0.1968,0.059894,0,1.4203,0,0,0,0,0,-360,360,0.085217],
[499,497,0.047697,0.007948,0,1.0046,0,0,0,0,1,-360,360,0.060275],
[468,500,0.016754,0.011081,0,1.0739,0,0,0,0,1,-360,360,0.064432],
[500,501,0.0067063,0.0067697,0,1.4549,0,0,0,0,1,-360,360,0.087295],
[500,502,0.064762,0.065374,0,1.4549,0,0,0,0,1,-360,360,0.087295],
[465,503,0.15796,0.033569,0,0.96995,0,0,0,0,1,-360,360,0.058197],
[503,504,0.39979,0.039773,0,0.69282,0,0,0,0,1,-360,360,0.041569],
[267,505,0.17051,0.029247,0,0.96995,0,0,0,0,1,-360,360,0.058197],
[506,505,0.14251,0.028425,0,0.96995,0,0,0,0,1,-360,360,0.058197],
[267,507,0.10831,0.032964,0,1.4203,0,0,0,0,0,-360,360,0.085217],
[507,508,0.037244,0.011335,0,1.4203,0,0,0,0,1,-360,360,0.085217],
[508,509,0.052833,0.016087,0,1.4203,0,0,0,0,1,-360,360,0.085217],
[267,510,0.10668,0.032537,0,1.4203,0,0,0,0,1,-360,360,0.085217],
[510,511,0.064556,0.019711,0,1.4203,0,0,0,0,1,-360,360,0.085217],
[511,509,0.046689,0.014668,0,1.4203,0,0,0,0,1,-360,360,0.085217],
[510,512,0.056567,0.017275,0,1.4203,0,0,0,0,1,-360,360,0.085217],
[512,306,0.32579,0.034066,0,0.64432,0,0,0,0,0,-360,360,0.038659],
[266,513,0.099193,0.035375,0,1.4203,0,0,0,0,1,-360,360,0.085217],
[514,513,0.11713,0.035649,0,1.4203,0,0,0,0,1,-360,360,0.085217],
[514,515,0.16448,0.027408,0,1.0046,0,0,0,0,1,-360,360,0.060275],
[516,514,0.13672,0.04161,0,1.4203,0,0,0,0,1,-360,360,0.085217],
[517,516,0.1214,0.036947,0,1.4203,0,0,0,0,1,-360,360,0.085217],
[498,517,0.13269,0.040383,0,1.4203,0,0,0,0,1,-360,360,0.085217],
[498,518,0.12958,0.039436,0,1.4203,0,0,0,0,1,-360,360,0.085217],
[519,518,0.0712,0.021669,0,1.4203,0,0,0,0,1,-360,360,0.085217],
[519,520,0.069722,0.021219,0,1.4203,0,0,0,0,1,-360,360,0.085217],
[520,521,0.16758,0.051001,0,1.4203,0,0,0,0,1,-360,360,0.085217],
[522,521,0.14813,0.045083,0,1.4203,0,0,0,0,1,-360,360,0.085217],
[522,523,0.11913,0.036257,0,1.4203,0,0,0,0,1,-360,360,0.085217],
[523,524,0.1228,0.037373,0,1.4203,0,0,0,0,1,-360,360,0.085217],
[524,525,0.050989,0.015518,0,1.4203,0,0,0,0,1,-360,360,0.085217],
[525,526,0.25651,0.042744,0,1.0046,0,0,0,0,1,-360,360,0.060275],
[525,527,0.13293,0.040457,0,1.4203,0,0,0,0,1,-360,360,0.085217],
[527,528,0.081733,0.024875,0,1.4203,0,0,0,0,1,-360,360,0.085217],
[348,528,0.16423,0.049983,0,1.4203,0,0,0,0,0,-360,360,0.085217],
[529,524,0.14404,0.043839,0,1.4203,0,0,0,0,1,-360,360,0.085217],
[529,530,0.061611,0.018751,0,1.4203,0,0,0,0,1,-360,360,0.085217],
[530,531,0.1138,0.018963,0,1.0046,0,0,0,0,1,-360,360,0.060275],
[532,521,0.21425,0.035701,0,1.0046,0,0,0,0,1,-360,360,0.060275],
[517,533,0.56043,0.059721,0,0.69282,0,0,0,0,1,-360,360,0.041569]
];

