baseMVA = 1;

bus = [
[1,3,0,0,0,0,1,1,0,11,1,1,1],
[2,1,0.0441,0.044991,0,0,1,1,0,11,1,1.1,0.9],
[3,1,0.07,0.071414,0,0,1,1,0,11,1,1.1,0.9],
[4,1,0.14,0.14283,0,0,1,1,0,11,1,1.1,0.9],
[5,1,0.0441,0.044991,0,0,1,1,0,11,1,1.1,0.9],
[6,1,0.14,0.14283,0,0,1,1,0,11,1,1.1,0.9],
[7,1,0.14,0.14283,0,0,1,1,0,11,1,1.1,0.9],
[8,1,0.07,0.071414,0,0,1,1,0,11,1,1.1,0.9],
[9,1,0.07,0.071414,0,0,1,1,0,11,1,1.1,0.9],
[10,1,0.0441,0.044991,0,0,1,1,0,11,1,1.1,0.9],
[11,1,0.14,0.14283,0,0,1,1,0,11,1,1.1,0.9],
[12,1,0.07,0.071414,0,0,1,1,0,11,1,1.1,0.9],
[13,1,0.0441,0.044991,0,0,1,1,0,11,1,1.1,0.9],
[14,1,0.07,0.071414,0,0,1,1,0,11,1,1.1,0.9],
[15,1,0.14,0.14283,0,0,1,1,0,11,1,1.1,0.9]
];

gen = [
[1,0,0,10,-10,1,100,1,10,0,0,0,0,0,0,0,0,0,0,0,0]
];

branch = [
[1,2,0.011183,0.010938,0,0,0,0,0,0,1,-360,360],
[2,3,0.0096714,0.0094598,0,0,0,0,0,0,1,-360,360],
[3,4,0.0069513,0.0067993,0,0,0,0,0,0,1,-360,360],
[4,5,0.012591,0.0084926,0,0,0,0,0,0,1,-360,360],
[2,9,0.016638,0.011222,0,0,0,0,0,0,1,-360,360],
[9,10,0.01394,0.0094025,0,0,0,0,0,0,1,-360,360],
[2,6,0.021134,0.014255,0,0,0,0,0,0,1,-360,360],
[6,7,0.0089934,0.0060661,0,0,0,0,0,0,1,-360,360],
[6,8,0.010342,0.006976,0,0,0,0,0,0,1,-360,360],
[3,11,0.014839,0.010009,0,0,0,0,0,0,1,-360,360],
[11,12,0.020235,0.013649,0,0,0,0,0,0,1,-360,360],
[12,13,0.016638,0.011222,0,0,0,0,0,0,1,-360,360],
[4,14,0.018436,0.012436,0,0,0,0,0,0,1,-360,360],
[4,15,0.0098927,0.0066727,0,0,0,0,0,0,1,-360,360]
];

gencost = [
[2,0,0,3,0,20,0]
];

