baseMVA = 10;

bus = [
    [ 1, 3,     0,     0, 0, 0, 1, 1, 0, 23, 1,   1,   1],
    [ 2, 1,  1.84,  0.46, 0, 0, 1, 1, 0, 23, 1, 1.1, 0.9],
    [ 3, 1,  0.98,  0.34, 0, 0, 1, 1, 0, 23, 1, 1.1, 0.9],
    [ 4, 1,  1.79, 0.446, 0, 0, 1, 1, 0, 23, 1, 1.1, 0.9],
    [ 5, 1, 1.598,  1.84, 0, 0, 1, 1, 0, 23, 1, 1.1, 0.9],
    [ 6, 1,  1.61,   0.6, 0, 0, 1, 1, 0, 23, 1, 1.1, 0.9],
    [ 7, 1,  0.78,  0.11, 0, 0, 1, 1, 0, 23, 1, 1.1, 0.9],
    [ 8, 1,  1.15,  0.06, 0, 0, 1, 1, 0, 23, 1, 1.1, 0.9],
    [ 9, 1,  0.98,  0.13, 0, 0, 1, 1, 0, 23, 1, 1.1, 0.9],
    [10, 1,  1.64,   0.2, 0, 0, 1, 1, 0, 23, 1, 1.1, 0.9]
];

gen = [
    [1, 0, 0, 10, -10, 1, 100, 1, 10, 0, 0, 0, 0, 0, 0, 0, 0, 0, 0, 0, 0]
];

branch = [
    [1,  2,  0.0023308, 0.0078015, 0, 0, 0, 0, 0, 0, 1, -360, 360],
    [2,  3, 0.00026465,  0.011439, 0, 0, 0, 0, 0, 0, 1, -360, 360],
    [3,  4,   0.014108,  0.022779, 0, 0, 0, 0, 0, 0, 1, -360, 360],
    [4,  5,   0.013202,  0.011501, 0, 0, 0, 0, 0, 0, 1, -360, 360],
    [5,  6,   0.037488,  0.032658, 0, 0, 0, 0, 0, 0, 1, -360, 360],
    [6,  7,   0.017113,  0.014907, 0, 0, 0, 0, 0, 0, 1, -360, 360],
    [7,  8,   0.038851,  0.022004, 0, 0, 0, 0, 0, 0, 1, -360, 360],
    [8,  9,   0.090648,  0.051342, 0, 0, 0, 0, 0, 0, 1, -360, 360],
    [9, 10,    0.10101,   0.05721, 0, 0, 0, 0, 0, 0, 1, -360, 360]
];

gencost = [
    [2, 0, 0, 3, 0, 20, 0]
];

