baseMVA = 1;

bus = [
    [ 1, 3,     0,     0, 0, 0, 1, 1, 0, 11, 1,   1,   1],
    [ 2, 1,  0.06,  0.06, 0, 0, 1, 1, 0, 11, 1, 1.1, 0.9],
    [ 3, 1,  0.04,  0.03, 0, 0, 1, 1, 0, 11, 1, 1.1, 0.9],
    [ 4, 1, 0.055, 0.055, 0, 0, 1, 1, 0, 11, 1, 1.1, 0.9],
    [ 5, 1,  0.03,  0.03, 0, 0, 1, 1, 0, 11, 1, 1.1, 0.9],
    [ 6, 1,  0.02, 0.015, 0, 0, 1, 1, 0, 11, 1, 1.1, 0.9],
    [ 7, 1, 0.055, 0.055, 0, 0, 1, 1, 0, 11, 1, 1.1, 0.9],
    [ 8, 1, 0.045, 0.045, 0, 0, 1, 1, 0, 11, 1, 1.1, 0.9],
    [ 9, 1,  0.04,  0.04, 0, 0, 1, 1, 0, 11, 1, 1.1, 0.9],
    [10, 1, 0.035,  0.03, 0, 0, 1, 1, 0, 11, 1, 1.1, 0.9],
    [11, 1,  0.04,  0.03, 0, 0, 1, 1, 0, 11, 1, 1.1, 0.9],
    [12, 1, 0.015, 0.015, 0, 0, 1, 1, 0, 11, 1, 1.1, 0.9]
];

gen = [
    [1, 0, 0, 10, -10, 1, 100, 1, 10, 0, 0, 0, 0, 0, 0, 0, 0, 0, 0, 0, 0]
];

branch = [
    [ 1,  2, 0.0090331, 0.0037603, 0, 0, 0, 0, 0, 0, 1, -360, 360],
    [ 2,  3, 0.0097851, 0.0040826, 0, 0, 0, 0, 0, 0, 1, -360, 360],
    [ 3,  4,  0.017314, 0.0072149, 0, 0, 0, 0, 0, 0, 1, -360, 360],
    [ 4,  5,  0.026347,  0.010983, 0, 0, 0, 0, 0, 0, 1, -360, 360],
    [ 5,  6, 0.0090331, 0.0037603, 0, 0, 0, 0, 0, 0, 1, -360, 360],
    [ 6,  7,  0.008281, 0.0034463, 0, 0, 0, 0, 0, 0, 1, -360, 360],
    [ 7,  8,  0.036388,  0.010041, 0, 0, 0, 0, 0, 0, 1, -360, 360],
    [ 8,  9,  0.046628,  0.013198, 0, 0, 0, 0, 0, 0, 1, -360, 360],
    [ 9, 10,  0.023884, 0.0067603, 0, 0, 0, 0, 0, 0, 1, -360, 360],
    [10, 11,  0.012512, 0.0035372, 0, 0, 0, 0, 0, 0, 1, -360, 360],
    [11, 12,  0.010231, 0.0029008, 0, 0, 0, 0, 0, 0, 1, -360, 360]
];

gencost = [
    [2, 0, 0, 3, 0, 20, 0]
];

