baseMVA = 10;

bus = [
    [ 1, 3,      0,      0, 0, 0, 1, 1, 0, 12.66, 1,   1,   1],
    [ 2, 1,      0,      0, 0, 0, 1, 1, 0, 12.66, 1, 1.1, 0.9],
    [ 3, 1,      0,      0, 0, 0, 1, 1, 0, 12.66, 1, 1.1, 0.9],
    [ 4, 1,      0,      0, 0, 0, 1, 1, 0, 12.66, 1, 1.1, 0.9],
    [ 5, 1,      0,      0, 0, 0, 1, 1, 0, 12.66, 1, 1.1, 0.9],
    [ 6, 1, 0.0026, 0.0022, 0, 0, 1, 1, 0, 12.66, 1, 1.1, 0.9],
    [ 7, 1, 0.0404,   0.03, 0, 0, 1, 1, 0, 12.66, 1, 1.1, 0.9],
    [ 8, 1,  0.075,  0.054, 0, 0, 1, 1, 0, 12.66, 1, 1.1, 0.9],
    [ 9, 1,   0.03,  0.022, 0, 0, 1, 1, 0, 12.66, 1, 1.1, 0.9],
    [10, 1,  0.028,  0.019, 0, 0, 1, 1, 0, 12.66, 1, 1.1, 0.9],
    [11, 1,  0.145,  0.104, 0, 0, 1, 1, 0, 12.66, 1, 1.1, 0.9],
    [12, 1,  0.145,  0.104, 0, 0, 1, 1, 0, 12.66, 1, 1.1, 0.9],
    [13, 1,  0.008, 0.0055, 0, 0, 1, 1, 0, 12.66, 1, 1.1, 0.9],
    [14, 1,  0.008, 0.0055, 0, 0, 1, 1, 0, 12.66, 1, 1.1, 0.9],
    [15, 1,      0,      0, 0, 0, 1, 1, 0, 12.66, 1, 1.1, 0.9],
    [16, 1, 0.0455,   0.03, 0, 0, 1, 1, 0, 12.66, 1, 1.1, 0.9],
    [17, 1,   0.06,  0.035, 0, 0, 1, 1, 0, 12.66, 1, 1.1, 0.9],
    [18, 1,   0.06,  0.035, 0, 0, 1, 1, 0, 12.66, 1, 1.1, 0.9],
    [19, 1,      0,      0, 0, 0, 1, 1, 0, 12.66, 1, 1.1, 0.9],
    [20, 1,  0.001, 0.0006, 0, 0, 1, 1, 0, 12.66, 1, 1.1, 0.9],
    [21, 1,  0.114,  0.081, 0, 0, 1, 1, 0, 12.66, 1, 1.1, 0.9],
    [22, 1, 0.0053, 0.0035, 0, 0, 1, 1, 0, 12.66, 1, 1.1, 0.9],
    [23, 1,      0,      0, 0, 0, 1, 1, 0, 12.66, 1, 1.1, 0.9],
    [24, 1,  0.028,   0.02, 0, 0, 1, 1, 0, 12.66, 1, 1.1, 0.9],
    [25, 1,      0,      0, 0, 0, 1, 1, 0, 12.66, 1, 1.1, 0.9],
    [26, 1,  0.014,   0.01, 0, 0, 1, 1, 0, 12.66, 1, 1.1, 0.9],
    [27, 1,  0.014,   0.01, 0, 0, 1, 1, 0, 12.66, 1, 1.1, 0.9],
    [28, 1,  0.026, 0.0186, 0, 0, 1, 1, 0, 12.66, 1, 1.1, 0.9],
    [29, 1,  0.026, 0.0186, 0, 0, 1, 1, 0, 12.66, 1, 1.1, 0.9],
    [30, 1,      0,      0, 0, 0, 1, 1, 0, 12.66, 1, 1.1, 0.9],
    [31, 1,      0,      0, 0, 0, 1, 1, 0, 12.66, 1, 1.1, 0.9],
    [32, 1,      0,      0, 0, 0, 1, 1, 0, 12.66, 1, 1.1, 0.9],
    [33, 1,  0.014,   0.01, 0, 0, 1, 1, 0, 12.66, 1, 1.1, 0.9],
    [34, 1, 0.0195,  0.014, 0, 0, 1, 1, 0, 12.66, 1, 1.1, 0.9],
    [35, 1,  0.006,  0.004, 0, 0, 1, 1, 0, 12.66, 1, 1.1, 0.9],
    [36, 1,  0.026, 0.0186, 0, 0, 1, 1, 0, 12.66, 1, 1.1, 0.9],
    [37, 1,  0.026, 0.0186, 0, 0, 1, 1, 0, 12.66, 1, 1.1, 0.9],
    [38, 1,      0,      0, 0, 0, 1, 1, 0, 12.66, 1, 1.1, 0.9],
    [39, 1,  0.024,  0.017, 0, 0, 1, 1, 0, 12.66, 1, 1.1, 0.9],
    [40, 1,  0.024,  0.017, 0, 0, 1, 1, 0, 12.66, 1, 1.1, 0.9],
    [41, 1, 0.0012,  0.001, 0, 0, 1, 1, 0, 12.66, 1, 1.1, 0.9],
    [42, 1,      0,      0, 0, 0, 1, 1, 0, 12.66, 1, 1.1, 0.9],
    [43, 1,  0.006, 0.0043, 0, 0, 1, 1, 0, 12.66, 1, 1.1, 0.9],
    [44, 1,      0,      0, 0, 0, 1, 1, 0, 12.66, 1, 1.1, 0.9],
    [45, 1, 0.0392, 0.0263, 0, 0, 1, 1, 0, 12.66, 1, 1.1, 0.9],
    [46, 1, 0.0392, 0.0263, 0, 0, 1, 1, 0, 12.66, 1, 1.1, 0.9],
    [47, 1,      0,      0, 0, 0, 1, 1, 0, 12.66, 1, 1.1, 0.9],
    [48, 1,  0.079, 0.0564, 0, 0, 1, 1, 0, 12.66, 1, 1.1, 0.9],
    [49, 1, 0.3847, 0.2745, 0, 0, 1, 1, 0, 12.66, 1, 1.1, 0.9],
    [50, 1, 0.3847, 0.2745, 0, 0, 1, 1, 0, 12.66, 1, 1.1, 0.9],
    [51, 1, 0.0405, 0.0283, 0, 0, 1, 1, 0, 12.66, 1, 1.1, 0.9],
    [52, 1, 0.0036, 0.0027, 0, 0, 1, 1, 0, 12.66, 1, 1.1, 0.9],
    [53, 1, 0.0043, 0.0035, 0, 0, 1, 1, 0, 12.66, 1, 1.1, 0.9],
    [54, 1, 0.0264,  0.019, 0, 0, 1, 1, 0, 12.66, 1, 1.1, 0.9],
    [55, 1,  0.024, 0.0172, 0, 0, 1, 1, 0, 12.66, 1, 1.1, 0.9],
    [56, 1,      0,      0, 0, 0, 1, 1, 0, 12.66, 1, 1.1, 0.9],
    [57, 1,      0,      0, 0, 0, 1, 1, 0, 12.66, 1, 1.1, 0.9],
    [58, 1,      0,      0, 0, 0, 1, 1, 0, 12.66, 1, 1.1, 0.9],
    [59, 1,    0.1,  0.072, 0, 0, 1, 1, 0, 12.66, 1, 1.1, 0.9],
    [60, 1,      0,      0, 0, 0, 1, 1, 0, 12.66, 1, 1.1, 0.9],
    [61, 1,  1.244,  0.888, 0, 0, 1, 1, 0, 12.66, 1, 1.1, 0.9],
    [62, 1,  0.032,  0.023, 0, 0, 1, 1, 0, 12.66, 1, 1.1, 0.9],
    [63, 1,      0,      0, 0, 0, 1, 1, 0, 12.66, 1, 1.1, 0.9],
    [64, 1,  0.227,  0.162, 0, 0, 1, 1, 0, 12.66, 1, 1.1, 0.9],
    [65, 1,  0.059,  0.042, 0, 0, 1, 1, 0, 12.66, 1, 1.1, 0.9],
    [66, 1,  0.018,  0.013, 0, 0, 1, 1, 0, 12.66, 1, 1.1, 0.9],
    [67, 1,  0.018,  0.013, 0, 0, 1, 1, 0, 12.66, 1, 1.1, 0.9],
    [68, 1,  0.028,   0.02, 0, 0, 1, 1, 0, 12.66, 1, 1.1, 0.9],
    [69, 1,  0.028,   0.02, 0, 0, 1, 1, 0, 12.66, 1, 1.1, 0.9]
];

gen = [
    [1, 0, 0, 10, -10, 1, 100, 1, 10, 0, 0, 0, 0, 0, 0, 0, 0, 0, 0, 0, 0]
];

branch = [
    [ 1,  2, 3.1196e-05, 7.4871e-05, 0, 0, 0, 0, 0, 0, 1, -360, 360],
    [ 2,  3, 3.1196e-05, 7.4871e-05, 0, 0, 0, 0, 0, 0, 1, -360, 360],
    [ 3,  4, 9.3589e-05, 0.00022461, 0, 0, 0, 0, 0, 0, 1, -360, 360],
    [ 4,  5,  0.0015661,  0.0018343, 0, 0, 0, 0, 0, 0, 1, -360, 360],
    [ 5,  6,   0.022836,    0.01163, 0, 0, 0, 0, 0, 0, 1, -360, 360],
    [ 6,  7,   0.023772,    0.01211, 0, 0, 0, 0, 0, 0, 1, -360, 360],
    [ 7,  8,  0.0057526,  0.0029324, 0, 0, 0, 0, 0, 0, 1, -360, 360],
    [ 8,  9,   0.003076,  0.0015661, 0, 0, 0, 0, 0, 0, 1, -360, 360],
    [ 9, 10,   0.051099,    0.01689, 0, 0, 0, 0, 0, 0, 1, -360, 360],
    [10, 11,    0.01168,  0.0038621, 0, 0, 0, 0, 0, 0, 1, -360, 360],
    [11, 12,   0.044386,   0.014668, 0, 0, 0, 0, 0, 0, 1, -360, 360],
    [12, 13,   0.064264,   0.021213, 0, 0, 0, 0, 0, 0, 1, -360, 360],
    [13, 14,   0.065138,   0.021213, 0, 0, 0, 0, 0, 0, 1, -360, 360],
    [14, 15,   0.066011,   0.021812, 0, 0, 0, 0, 0, 0, 1, -360, 360],
    [15, 16,   0.012266,  0.0040555, 0, 0, 0, 0, 0, 0, 1, -360, 360],
    [16, 17,    0.02336,  0.0077242, 0, 0, 0, 0, 0, 0, 1, -360, 360],
    [17, 18, 0.00029324, 9.9828e-05, 0, 0, 0, 0, 0, 0, 1, -360, 360],
    [18, 19,    0.02044,  0.0067571, 0, 0, 0, 0, 0, 0, 1, -360, 360],
    [19, 20,    0.01314,  0.0043051, 0, 0, 0, 0, 0, 0, 1, -360, 360],
    [20, 21,   0.021313,  0.0070441, 0, 0, 0, 0, 0, 0, 1, -360, 360],
    [21, 22,  0.0008735, 0.00028701, 0, 0, 0, 0, 0, 0, 1, -360, 360],
    [22, 23,  0.0099267,  0.0032818, 0, 0, 0, 0, 0, 0, 1, -360, 360],
    [23, 24,   0.021607,  0.0071439, 0, 0, 0, 0, 0, 0, 1, -360, 360],
    [24, 25,    0.04672,   0.015442, 0, 0, 0, 0, 0, 0, 1, -360, 360],
    [25, 26,   0.019273,  0.0063703, 0, 0, 0, 0, 0, 0, 1, -360, 360],
    [26, 27,   0.010806,  0.0035689, 0, 0, 0, 0, 0, 0, 1, -360, 360],
    [ 3, 28, 0.00027453, 0.00067384, 0, 0, 0, 0, 0, 0, 1, -360, 360],
    [28, 29,  0.0039931,  0.0097644, 0, 0, 0, 0, 0, 0, 1, -360, 360],
    [29, 30,    0.02482,  0.0082046, 0, 0, 0, 0, 0, 0, 1, -360, 360],
    [30, 31,    0.00438,  0.0014475, 0, 0, 0, 0, 0, 0, 1, -360, 360],
    [31, 32,     0.0219,  0.0072375, 0, 0, 0, 0, 0, 0, 1, -360, 360],
    [32, 33,   0.052347,    0.01757, 0, 0, 0, 0, 0, 0, 1, -360, 360],
    [33, 34,    0.10657,   0.035227, 0, 0, 0, 0, 0, 0, 1, -360, 360],
    [34, 35,   0.091967,   0.030404, 0, 0, 0, 0, 0, 0, 1, -360, 360],
    [ 3, 36, 0.00027453, 0.00067384, 0, 0, 0, 0, 0, 0, 1, -360, 360],
    [36, 37,  0.0039931,  0.0097644, 0, 0, 0, 0, 0, 0, 1, -360, 360],
    [37, 38,  0.0065699,  0.0076743, 0, 0, 0, 0, 0, 0, 1, -360, 360],
    [38, 39,  0.0018967,  0.0022149, 0, 0, 0, 0, 0, 0, 1, -360, 360],
    [39, 40, 0.00011231, 0.00013102, 0, 0, 0, 0, 0, 0, 1, -360, 360],
    [40, 41,    0.04544,    0.05309, 0, 0, 0, 0, 0, 0, 1, -360, 360],
    [41, 42,   0.019342,   0.022605, 0, 0, 0, 0, 0, 0, 1, -360, 360],
    [42, 43,  0.0025581,  0.0029824, 0, 0, 0, 0, 0, 0, 1, -360, 360],
    [43, 44, 0.00057401, 0.00072375, 0, 0, 0, 0, 0, 0, 1, -360, 360],
    [44, 45,  0.0067945,  0.0085665, 0, 0, 0, 0, 0, 0, 1, -360, 360],
    [45, 46, 5.6153e-05, 7.4871e-05, 0, 0, 0, 0, 0, 0, 1, -360, 360],
    [ 4, 47, 0.00021213,  0.0005241, 0, 0, 0, 0, 0, 0, 1, -360, 360],
    [47, 48,  0.0053096,   0.012996, 0, 0, 0, 0, 0, 0, 1, -360, 360],
    [48, 49,   0.018081,   0.044243, 0, 0, 0, 0, 0, 0, 1, -360, 360],
    [49, 50,  0.0051287,   0.012547, 0, 0, 0, 0, 0, 0, 1, -360, 360],
    [ 8, 51,    0.00579,  0.0029512, 0, 0, 0, 0, 0, 0, 1, -360, 360],
    [51, 52,   0.020708,  0.0071127, 0, 0, 0, 0, 0, 0, 1, -360, 360],
    [ 9, 53,   0.010856,   0.005528, 0, 0, 0, 0, 0, 0, 1, -360, 360],
    [53, 54,   0.012666,  0.0064514, 0, 0, 0, 0, 0, 0, 1, -360, 360],
    [54, 55,   0.017732,  0.0090282, 0, 0, 0, 0, 0, 0, 1, -360, 360],
    [55, 56,   0.017551,  0.0089408, 0, 0, 0, 0, 0, 0, 1, -360, 360],
    [56, 57,   0.099204,   0.033299, 0, 0, 0, 0, 0, 0, 1, -360, 360],
    [57, 58,   0.048897,   0.016409, 0, 0, 0, 0, 0, 0, 1, -360, 360],
    [58, 59,    0.01898,  0.0062767, 0, 0, 0, 0, 0, 0, 1, -360, 360],
    [59, 60,    0.02409,  0.0073124, 0, 0, 0, 0, 0, 0, 1, -360, 360],
    [60, 61,   0.031664,   0.016128, 0, 0, 0, 0, 0, 0, 1, -360, 360],
    [61, 62,   0.006077,  0.0030947, 0, 0, 0, 0, 0, 0, 1, -360, 360],
    [62, 63,  0.0090469,  0.0046046, 0, 0, 0, 0, 0, 0, 1, -360, 360],
    [63, 64,    0.04433,    0.02258, 0, 0, 0, 0, 0, 0, 1, -360, 360],
    [64, 65,   0.064951,   0.033081, 0, 0, 0, 0, 0, 0, 1, -360, 360],
    [11, 66,   0.012553,  0.0038122, 0, 0, 0, 0, 0, 0, 1, -360, 360],
    [66, 67, 0.00029324,  8.735e-05, 0, 0, 0, 0, 0, 0, 1, -360, 360],
    [12, 68,   0.046133,   0.015249, 0, 0, 0, 0, 0, 0, 1, -360, 360],
    [68, 69, 0.00029324, 9.9828e-05, 0, 0, 0, 0, 0, 0, 1, -360, 360]
];

gencost = [
    [2, 0, 0, 3, 0, 20, 0]
];

