baseMVA = 10;

bus = [
    [ 1, 3,   0,    0, 0, 0, 1, 1, 0, 12.66, 1,   1,   1],
    [ 2, 3,   0,    0, 0, 0, 1, 1, 0, 12.66, 1,   1,   1],
    [ 3, 3,   0,    0, 0, 0, 1, 1, 0, 12.66, 1,   1,   1],
    [ 4, 1,   2,  1.6, 0, 0, 1, 1, 0, 12.66, 1,   1,   1],
    [ 5, 1,   3,  0.4, 0, 0, 1, 1, 0, 12.66, 1, 1.1, 0.9],
    [ 6, 1,   2, -0.4, 0, 0, 1, 1, 0, 12.66, 1, 1.1, 0.9],
    [ 7, 1, 1.5,  1.2, 0, 0, 1, 1, 0, 12.66, 1, 1.1, 0.9],
    [ 8, 1,   4,  2.7, 0, 0, 1, 1, 0, 12.66, 1, 1.1, 0.9],
    [ 9, 1,   5,  1.8, 0, 0, 1, 1, 0, 12.66, 1, 1.1, 0.9],
    [10, 1,   1,  0.9, 0, 0, 1, 1, 0, 12.66, 1, 1.1, 0.9],
    [11, 1, 0.6, -0.5, 0, 0, 1, 1, 0, 12.66, 1, 1.1, 0.9],
    [12, 1, 4.5, -1.7, 0, 0, 1, 1, 0, 12.66, 1, 1.1, 0.9],
    [13, 1,   1,  0.9, 0, 0, 1, 1, 0, 12.66, 1, 1.1, 0.9],
    [14, 1,   1, -1.1, 0, 0, 1, 1, 0, 12.66, 1, 1.1, 0.9],
    [15, 1,   1,  0.9, 0, 0, 1, 1, 0, 12.66, 1, 1.1, 0.9],
    [16, 1, 2.1, -0.8, 0, 0, 1, 1, 0, 12.66, 1, 1.1, 0.9]
];

gen = [
    [1, 0, 0, 10, -10, 1, 100, 1, 10, 0, 0, 0, 0, 0, 0, 0, 0, 0, 0, 0, 0],
    [2, 0, 0, 10, -10, 1, 100, 1, 10, 0, 0, 0, 0, 0, 0, 0, 0, 0, 0, 0, 0],
    [3, 0, 0, 10, -10, 1, 100, 1, 10, 0, 0, 0, 0, 0, 0, 0, 0, 0, 0, 0, 0]
];

branch = [
    [ 1,  4, 0.0046794, 0.0062393, 0, 0, 0, 0, 0, 0, 1, -360, 360],
    [ 4,  5, 0.0049914, 0.0068632, 0, 0, 0, 0, 0, 0, 1, -360, 360],
    [ 4,  6, 0.0056153,  0.011231, 0, 0, 0, 0, 0, 0, 1, -360, 360],
    [ 6,  7, 0.0024957, 0.0024957, 0, 0, 0, 0, 0, 0, 1, -360, 360],
    [ 2,  8, 0.0068632, 0.0068632, 0, 0, 0, 0, 0, 0, 1, -360, 360],
    [ 8,  9, 0.0049914, 0.0068632, 0, 0, 0, 0, 0, 0, 1, -360, 360],
    [ 8, 10, 0.0068632, 0.0068632, 0, 0, 0, 0, 0, 0, 1, -360, 360],
    [ 9, 11, 0.0068632, 0.0068632, 0, 0, 0, 0, 0, 0, 1, -360, 360],
    [ 9, 12, 0.0049914, 0.0068632, 0, 0, 0, 0, 0, 0, 1, -360, 360],
    [ 3, 13, 0.0068632, 0.0068632, 0, 0, 0, 0, 0, 0, 1, -360, 360],
    [13, 14, 0.0056153, 0.0074871, 0, 0, 0, 0, 0, 0, 1, -360, 360],
    [13, 15, 0.0049914, 0.0068632, 0, 0, 0, 0, 0, 0, 1, -360, 360],
    [15, 16, 0.0024957, 0.0024957, 0, 0, 0, 0, 0, 0, 1, -360, 360],
    [ 5, 11, 0.0024957, 0.0024957, 0, 0, 0, 0, 0, 0, 0, -360, 360],
    [10, 14, 0.0024957, 0.0024957, 0, 0, 0, 0, 0, 0, 0, -360, 360],
    [ 7, 16, 0.0056153, 0.0074871, 0, 0, 0, 0, 0, 0, 0, -360, 360]
];

gencost = [
    [2, 0, 0, 3, 0, 20, 0],
    [2, 0, 0, 3, 0, 20, 0],
    [2, 0, 0, 3, 0, 20, 0]
];

